id	名称(name)	类型(type)	等级限制(levelLimit)	职业限制(profLimit)	出售价格(price)	配对物品(needItem)	包含物品(containItem)	宝石升级消耗(levelUpCost)	宝石升级概率(levelUpRate)	宝石升级目标(levelUpItem)	力量(strenght)	敏捷(agility)	智力(intellect)	耐力(stamina)	物品图标	升级目标最大消耗	物品描述	兑换需要熔炼值	time	品质	页面跳转	魂石经验	技能经验	英雄令任务	宝石类型	可镶嵌部位	宝石属性	新旧宝石功能列	宝石等级	升级宝石消耗	宝石兑换宝石卷	套装碎片卖水晶	图纸等级	部位	道具描述2	背包筛选类型	背包排序ID
1	@RoleSoul_1	6	0	0	0	0	0	0	0	0	0	0	0	0	Item/Shard_001.png	0	@RoleSoul_Desc_1	0	0	4	0	0	0	0	0	0	0	0	0	0	0	0	0	0		0	1001
2	@RoleSoul_2	6	0	0	0	0	0	0	0	0	0	0	0	0	Item/Shard_002.png	0	@RoleSoul_Desc_2	0	0	4	0	0	0	0	0	0	0	0	0	0	0	0	0	0		0	1002
3	@RoleSoul_3	6	0	0	0	0	0	0	0	0	0	0	0	0	Item/Shard_003.png	0	@RoleSoul_Desc_3	0	0	5	0	0	0	0	0	0	0	0	0	0	0	0	0	0		0	1003
4	@RoleSoul_4	6	0	0	0	0	0	0	0	0	0	0	0	0	Item/Shard_004.png	0	@RoleSoul_Desc_4	0	0	5	0	0	0	0	0	0	0	0	0	0	0	0	0	0		0	1004
5	@RoleSoul_5	6	0	0	0	0	0	0	0	0	0	0	0	0	Item/Shard_005.png	0	@RoleSoul_Desc_5	0	0	5	0	0	0	0	0	0	0	0	0	0	0	0	0	0		0	1005
6	@RoleSoul_6	6	0	0	0	0	0	0	0	0	0	0	0	0	Item/Shard_006.png	0	@RoleSoul_Desc_6	0	0	4	0	0	0	0	0	0	0	0	0	0	0	0	0	0		0	1006
7	@RoleSoul_7	6	0	0	0	0	0	0	0	0	0	0	0	0	Item/Shard_007.png	0	@RoleSoul_Desc_7	0	0	5	0	0	0	0	0	0	0	0	0	0	0	0	0	0		0	1007
8	@RoleSoul_8	6	0	0	0	0	0	0	0	0	0	0	0	0	Item/Shard_008.png	0	@RoleSoul_Desc_8	0	0	5	0	0	0	0	0	0	0	0	0	0	0	0	0	0		0	1008
9	@RoleSoul_9	6	0	0	0	0	0	0	0	0	0	0	0	0	Item/Shard_009.png	0	@RoleSoul_Desc_9	0	0	5	0	0	0	0	0	0	0	0	0	0	0	0	0	0		0	1009
10	@RoleSoul_10	6	0	0	0	0	0	0	0	0	0	0	0	0	Item/Shard_010.png	0	@RoleSoul_Desc_10	0	0	4	0	0	0	0	0	0	0	0	0	0	0	0	0	0		0	1010
11	@RoleSoul_11	6	0	0	0	0	0	0	0	0	0	0	0	0	Item/Shard_011.png	0	@RoleSoul_Desc_11	0	0	4	0	0	0	0	0	0	0	0	0	0	0	0	0	0		0	1011
12	@RoleSoul_12	6	0	0	0	0	0	0	0	0	0	0	0	0	Item/Shard_012.png	0	@RoleSoul_Desc_12	0	0	4	0	0	0	0	0	0	0	0	0	0	0	0	0	0		0	1012
13	@RoleSoul_13	6	0	0	0	0	0	0	0	0	0	0	0	0	Item/Shard_013.png	0	@RoleSoul_Desc_13	0	0	4	0	0	0	0	0	0	0	0	0	0	0	0	0	0		0	1013
14	@RoleSoul_14	6	0	0	0	0	0	0	0	0	0	0	0	0	Item/Shard_014.png	0	@RoleSoul_Desc_14	0	0	5	0	0	0	0	0	0	0	0	0	0	0	0	0	0		0	1014
15	@RoleSoul_15	6	0	0	0	0	0	0	0	0	0	0	0	0	Item/Shard_015.png	0	@RoleSoul_Desc_15	0	0	5	0	0	0	0	0	0	0	0	0	0	0	0	0	0		0	1015
16	@RoleSoul_16	6	0	0	0	0	0	0	0	0	0	0	0	0	Item/Shard_016.png	0	@RoleSoul_Desc_16	0	0	4	0	0	0	0	0	0	0	0	0	0	0	0	0	0		0	1016
17	@RoleSoul_17	6	0	0	0	0	0	0	0	0	0	0	0	0	Item/Shard_017.png	0	@RoleSoul_Desc_17	0	0	4	0	0	0	0	0	0	0	0	0	0	0	0	0	0		0	1017
18	@RoleSoul_18	6	0	0	0	0	0	0	0	0	0	0	0	0	Item/Shard_018.png	0	@RoleSoul_Desc_18	0	0	5	0	0	0	0	0	0	0	0	0	0	0	0	0	0		0	1018
19	@RoleSoul_19	6	0	0	0	0	0	0	0	0	0	0	0	0	Item/Shard_019.png	0	@RoleSoul_Desc_19	0	0	5	0	0	0	0	0	0	0	0	0	0	0	0	0	0		0	1019
20	@RoleSoul_20	6	0	0	0	0	0	0	0	0	0	0	0	0	Item/Shard_020.png	0	@RoleSoul_Desc_20	0	0	5	0	0	0	0	0	0	0	0	0	0	0	0	0	0		0	1020
21	@RoleSoul_21	6	0	0	0	0	0	0	0	0	0	0	0	0	Item/Shard_021.png	0	@RoleSoul_Desc_21	0	0	5	0	0	0	0	0	0	0	0	0	0	0	0	0	0		0	1021
22	@RoleSoul_22	6	0	0	0	0	0	0	0	0	0	0	0	0	Item/Shard_022.png	0	@RoleSoul_Desc_22	0	0	5	0	0	0	0	0	0	0	0	0	0	0	0	0	0		0	1022
23	@RoleSoul_23	6	0	0	0	0	0	0	0	0	0	0	0	0	Item/Shard_023.png	0	@RoleSoul_Desc_23	0	0	5	0	0	0	0	0	0	0	0	0	0	0	0	0	0		0	1023
24	@RoleSoul_24	6	0	0	0	0	0	0	0	0	0	0	0	0	Item/Shard_024.png	0	@RoleSoul_Desc_24	0	0	5	0	0	0	0	0	0	0	0	0	0	0	0	0	0		0	1024
501	@RoleSoul_501	6	0	0	0	0	0	0	0	0	0	0	0	0	Item/Shard_501.png	0	@RoleSoul_Desc_501	0	0	6	0	0	0	0	0	0	0	0	0	0	0	0	0	0		0	1025
502	@RoleSoul_502	6	0	0	0	0	0	0	0	0	0	0	0	0	Item/Shard_502.png	0	@RoleSoul_Desc_502	0	0	6	0	0	0	0	0	0	0	0	0	0	0	0	0	0		0	1026
503	@RoleSoul_503	6	0	0	0	0	0	0	0	0	0	0	0	0	Item/Shard_503.png	0	@RoleSoul_Desc_503	0	0	6	0	0	0	0	0	0	0	0	0	0	0	0	0	0		0	1027
504	@RoleSoul_504	6	0	0	0	0	0	0	0	0	0	0	0	0	Item/Shard_504.png	0	@RoleSoul_Desc_504	0	0	6	0	0	0	0	0	0	0	0	0	0	0	0	0	0		0	1028
505	@RoleSoul_505	6	0	0	0	0	0	0	0	0	0	0	0	0	Item/Shard_505.png	0	@RoleSoul_Desc_505	0	0	5	0	0	0	0	0	0	0	0	0	0	0	0	0	0		0	1029
506	@RoleSoul_506	6	0	0	0	0	0	0	0	0	0	0	0	0	Item/Shard_506.png	0	@RoleSoul_Desc_506	0	0	5	0	0	0	0	0	0	0	0	0	0	0	0	0	0		0	1030
507	@RoleSoul_507	6	0	0	0	0	0	0	0	0	0	0	0	0	Item/Shard_507.png	0	@RoleSoul_Desc_507	0	0	5	0	0	0	0	0	0	0	0	0	0	0	0	0	0		0	1031
508	@RoleSoul_508	6	0	0	0	0	0	0	0	0	0	0	0	0	Item/Shard_508.png	0	@RoleSoul_Desc_508	0	0	5	0	0	0	0	0	0	0	0	0	0	0	0	0	0		0	1032
509	@RoleSoul_509	6	0	0	0	0	0	0	0	0	0	0	0	0	Item/Shard_509.png	0	@RoleSoul_Desc_509	0	0	4	0	0	0	0	0	0	0	0	0	0	0	0	0	0		0	1033
510	@RoleSoul_510	6	0	0	0	0	0	0	0	0	0	0	0	0	Item/Shard_510.png	0	@RoleSoul_Desc_510	0	0	4	0	0	0	0	0	0	0	0	0	0	0	0	0	0		0	1034
511	@RoleSoul_511	6	0	0	0	0	0	0	0	0	0	0	0	0	Item/Shard_511.png	0	@RoleSoul_Desc_511	0	0	4	0	0	0	0	0	0	0	0	0	0	0	0	0	0		0	1035
512	@RoleSoul_512	6	0	0	0	0	0	0	0	0	0	0	0	0	Item/Shard_512.png	0	@RoleSoul_Desc_512	0	0	4	0	0	0	0	0	0	0	0	0	0	0	0	0	0		0	1036
1001	@RoleSoul_512	19	0	0	0	0	0	0	0	0	0	0	0	0	Item/Shard_512.png	0	@RoleSoul_Desc_512	0	0	4	0	0	0	0		0	0	0	0	0	0	0	0	0		0	1059
3001	@Item_3001	39	0	0	0	0	0	0	0	0	0	0	0	0	Item/I_3001.png	0	@Item_Desc_3001	0	1	1	0	0	0	0	0	0	0	0	0	0	0	0	0	0		0	1071
3002	@Item_3002	39	0	0	0	0	0	0	0	0	0	0	0	0	Item/I_3001.png	0	@Item_Desc_3002	0	2	2	0	0	0	0	0	0	0	0	0	0	0	0	0	0		0	1072
3003	@Item_3003	39	0	0	0	0	0	0	0	0	0	0	0	0	Item/I_3002.png	0	@Item_Desc_3003	0	4	3	0	0	0	0	0	0	0	0	0	0	0	0	0	0		0	1073
3004	@Item_3004	39	0	0	0	0	0	0	0	0	0	0	0	0	Item/I_3002.png	0	@Item_Desc_3004	0	8	4	0	0	0	0	0	0	0	0	0	0	0	0	0	0		0	1074
3005	@Item_3005	39	0	0	0	0	0	0	0	0	0	0	0	0	Item/I_3003.png	0	@Item_Desc_3005	0	24	5	0	0	0	0	0	0	0	0	0	0	0	0	0	0		0	1075
3501	@Item_3501	40	0	0	0	0	0	0	0	0	0	0	0	0	Item/I_3501.png	0	@Item_Desc_3501	0	1	1	0	0	0	0	0	0	0	0	0	0	0	0	0	0		0	1076
3502	@Item_3502	40	0	0	0	0	0	0	0	0	0	0	0	0	Item/I_3501.png	0	@Item_Desc_3502	0	2	2	0	0	0	0	0	0	0	0	0	0	0	0	0	0		0	1077
3503	@Item_3503	40	0	0	0	0	0	0	0	0	0	0	0	0	Item/I_3502.png	0	@Item_Desc_3503	0	4	3	0	0	0	0	0	0	0	0	0	0	0	0	0	0		0	1078
3504	@Item_3504	40	0	0	0	0	0	0	0	0	0	0	0	0	Item/I_3502.png	0	@Item_Desc_3504	0	8	4	0	0	0	0	0	0	0	0	0	0	0	0	0	0		0	1079
3505	@Item_3505	40	0	0	0	0	0	0	0	0	0	0	0	0	Item/I_3503.png	0	@Item_Desc_3505	0	24	5	0	0	0	0	0	0	0	0	0	0	0	0	0	0		0	1080
3801	@Item_3801	41	0	0	0	0	0	0	0	0	0	0	0	0	Item/I_3801.png	0	@Item_Desc_3801	0	1	1	0	0	0	0	0	0	0	0	0	0	0	0	0	0		0	1081
3802	@Item_3802	41	0	0	0	0	0	0	0	0	0	0	0	0	Item/I_3801.png	0	@Item_Desc_3802	0	2	2	0	0	0	0	0	0	0	0	0	0	0	0	0	0		0	1082
3803	@Item_3803	41	0	0	0	0	0	0	0	0	0	0	0	0	Item/I_3802.png	0	@Item_Desc_3803	0	4	3	0	0	0	0	0	0	0	0	0	0	0	0	0	0		0	1083
3804	@Item_3804	41	0	0	0	0	0	0	0	0	0	0	0	0	Item/I_3802.png	0	@Item_Desc_3804	0	8	4	0	0	0	0	0	0	0	0	0	0	0	0	0	0		0	1084
3805	@Item_3805	41	0	0	0	0	0	0	0	0	0	0	0	0	Item/I_3803.png	0	@Item_Desc_3805	0	24	5	0	0	0	0	0	0	0	0	0	0	0	0	0	0		0	1085
5001	@Item_5001	6	0	0	0	0	0	0	0	0	0	0	0	0	Item/I_5001.png	0	@Item_Desc_5001	0	0	5	0	0	0	0	0	0	0	0	0	0	0	0	0	0		0	1039
5002	@Item_5002	6	0	0	0	0	0	0	0	0	0	0	0	0	Item/I_5002.png	0	@Item_Desc_5002	0	0	5	0	0	0	0	0	0	0	0	0	0	0	0	0	0		0	1040
5003	@Item_5003	6	0	0	0	0	0	0	0	0	0	0	0	0	Item/I_5003.png	0	@Item_Desc_5003	0	0	2	0	0	0	0	0	0	0	0	0	0	0	0	0	0		0	1041
5004	@Item_5004	6	0	0	0	0	0	0	0	0	0	0	0	0	Item/I_5004.png	0	@Item_Desc_5004	0	0	2	0	0	0	0	0	0	0	0	0	0	0	0	0	0		0	1042
5005	@Item_5005	6	0	0	0	0	0	0	0	0	0	0	0	0	Item/I_5005.png	0	@Item_Desc_5005	0	0	2	0	0	0	0	0	0	0	0	0	0	0	0	0	0		0	1043
5006	@Item_5006	6	0	0	0	0	0	0	0	0	0	0	0	0	Item/I_5006.png	0	@Item_Desc_5006	0	0	2	0	0	0	0	0	0	0	0	0	0	0	0	0	0		0	1044
5007	@Item_5007	6	0	0	0	0	0	0	0	0	0	0	0	0	Item/I_5007.png	0	@Item_Desc_5007	0	0	2	0	0	0	0	0	0	0	0	0	0	0	0	0	0		0	1045
5008	@Item_5008	6	0	0	0	0	0	0	0	0	0	0	0	0	Item/I_5008.png	0	@Item_Desc_5008	0	0	2	0	0	0	0	0	0	0	0	0	0	0	0	0	0		0	1046
5009	@Item_5009	6	0	0	0	0	0	0	0	0	0	0	0	0	Item/I_5009.png	0	@Item_Desc_5009	0	0	2	0	0	0	0	0	0	0	0	0	0	0	0	0	0		0	1047
5010	@Item_5010	6	0	0	0	0	0	0	0	0	0	0	0	0	Item/I_5010.png	0	@Item_Desc_5010	0	0	2	0	0	0	0	0	0	0	0	0	0	0	0	0	0		0	1064
5011	@Item_5011	6	0	0	0	0	0	0	0	0	0	0	0	0	Item/I_5011.png	0	@Item_Desc_5011	0	0	2	0	0	0	0	0	0	0	0	0	0	0	0	0	0		0	1065
5012	@Item_5012	6	0	0	0	0	0	0	0	0	0	0	0	0	Item/I_5012.png	0	@Item_Desc_5012	0	0	2	0	0	0	0	0	0	0	0	0	0	0	0	0	0		0	1066
5013	@Item_5013	6	0	0	0	0	0	0	0	0	0	0	0	0	Item/I_5013.png	0	@Item_Desc_5013	0	0	2	0	0	0	0	0	0	0	0	0	0	0	0	0	0		0	1067
6000	@Item_6000	6	0	0	0	0	0	0	0	0	0	0	0	0	Item/I_6000.png	0	@Item_Desc_6000	0	0	5	0	0	0	0	0	0	0	0	0	0	0	0	0	0		0	1058
6001	@Item_6001	6	0	0	0	0	0	0	0	0	0	0	0	0	Item/I_6001.png	0	@Item_Desc_6001	0	0	5	0	0	0	0	0	0	0	0	0	0	0	0	0	0		0	1048
6002	@Item_6002	6	0	0	0	0	0	0	0	0	0	0	0	0	Item/I_6002.png	0	@Item_Desc_6002	0	0	4	0	0	0	0	0	0	0	0	0	0	0	0	0	0		0	1049
6003	@Item_6003	6	0	0	0	0	0	0	0	0	0	0	0	0	Item/I_6003.png	0	@Item_Desc_6003	0	0	6	0	0	0	0	0	0	0	0	0	0	0	0	0	0		0	1050
6004	@Item_6004	6	0	0	0	0	0	0	0	0	0	0	0	0	Item/I_6004.png	0	@Item_Desc_6004	0	0	5	0	0	0	0	0	0	0	0	0	0	0	0	0	0		0	1051
6005	@Item_6005	6	6	0	0	0	0	0	0	0	0	0	0	0	Item/I_6005.png	0	@Item_Desc_6005	0	0	4	0	0	0	0	0	0	0	0	0	0	0	0	0	0		0	1052
6006	@Item_6006	6	6	0	0	0	0	0	0	0	0	0	0	0	Item/I_6006.png	0	@Item_Desc_6006	0	0	5	0	0	0	0	0	0	0	0	0	0	0	0	0	0		0	1053
6007	@Item_6007	6	6	0	0	0	0	0	0	0	0	0	0	0	Item/I_6007.png	0	@Item_Desc_6007	0	0	5	0	0	0	0	0	0	0	0	0	0	0	0	0	0		0	1054
6008	@Item_6008	6	6	0	0	0	0	0	0	0	0	0	0	0	Item/I_6008.png	0	@Item_Desc_6008	0	0	4	0	0	0	0	0	0	0	0	0	0	0	0	0	0		0	1055
6009	@Item_6009	6	6	0	0	0	0	0	0	0	0	0	0	0	Item/I_6009.png	0	@Item_Desc_6009	0	0	4	0	0	0	0	0	0	0	0	0	0	0	0	0	0		0	1056
6010	@Item_6010	6	0	0	0	0	0	0	0	0	0	0	0	0	Item/I_6010.png	0	@Item_Desc_6010	0	0	5	0	0	0	0	0	0	0	0	0	0	0	0	0	0		0	1057
6011	@Item_6011	6	0	0	0	0	0	0	0	0	0	0	0	0	Item/I_6011.png	0	@Item_Desc_6011	0	0	5	0	0	0	0	0	0	0	0	0	0	0	0	0	0		0	1058
6012	@Item_6012	6	0	0	0	0	0	0	0	0	0	0	0	0	Item/I_6012.png	0	@Item_Desc_6012	0	0	5	0	0	0	0	0	0	0	0	0	0	0	0	0	0		0	1060
6999	@Item_6999	6	0	0	0	0	0	0	0	0	0	0	0	0	Item/I_6999.png	0	@Item_Desc_6999	0	0	4	0	0	0	0	0	0	0	0	0	0	0	0	0	0		0	2002
7000	@Item_7000	6	0	0	0	0	0	0	0	0	0	0	0	0	Item/I_7000.png	0	@Item_Desc_7000	0	0	4	0	0	0	0	0	0	0	0	0	0	0	0	0	0		0	2003
7001	@Item_7001	6	0	0	0	0	0	0	0	0	0	0	0	0	Item/I_7001.png	0	@Item_Desc_7001	0	0	3	0	0	0	0	0	0	0	0	0	0	0	0	0	0		0	2001
7002	@Item_7002	6	0	0	0	0	0	0	0	0	0	0	0	0	Item/I_7002.png	0	@Item_Desc_7002	0	0	4	0	0	0	0	0	0	0	0	0	0	0	0	0	0		0	2002
7003	@Item_7003	6	0	0	0	0	0	0	0	0	0	0	0	0	Item/I_7003.png	0	@Item_Desc_7003	0	0	4	0	0	0	0	0	0	0	0	0	0	0	0	0	0		0	2003
7004	@Item_7004	6	0	0	0	0	0	0	0	0	0	0	0	0	Item/I_7004.png	0	@Item_Desc_7004	0	0	4	0	0	0	0	0	0	0	0	0	0	0	0	0	0		0	2004
7005	@Item_7005	6	0	0	0	0	0	0	0	0	0	0	0	0	Item/I_7005.png	0	@Item_Desc_7005	0	0	4	0	0	0	0	0	0	0	0	0	0	0	0	0	0		0	2005
7006	@Item_7006	12	0	0	0	0	7006_0_1_10000	0	0	0	0	0	0	0	Item/I_7037.png	0	@Item_Desc_7006	0	0	4	0	0	0	0	0	0	0	0	0	0	0	0	0	0		0	2006
7007	@Item_7007	12	0	0	0	0	7007_0_1_10000	0	0	0	0	0	0	0	Item/I_7038.png	0	@Item_Desc_7007	0	0	4	0	0	0	0	0	0	0	0	0	0	0	0	0	0		0	2007
7008	@Item_7008	12	0	0	0	0	7008_0_1_10000	0	0	0	0	0	0	0	Item/I_7039.png	0	@Item_Desc_7008	0	0	4	0	0	0	0	0	0	0	0	0	0	0	0	0	0		0	2008
7009	@Item_7009	12	0	0	0	0	7009_0_1_10000	0	0	0	0	0	0	0	Item/I_7037.png	0	@Item_Desc_7009	0	0	5	0	0	0	0	0	0	0	0	0	0	0	0	0	0		0	2009
7010	@Item_7010	12	0	0	0	0	7010_0_1_10000	0	0	0	0	0	0	0	Item/I_7038.png	0	@Item_Desc_7010	0	0	5	0	0	0	0	0	0	0	0	0	0	0	0	0	0		0	2010
7011	@Item_7011	12	0	0	0	0	7011_0_1_10000	0	0	0	0	0	0	0	Item/I_7039.png	0	@Item_Desc_7011	0	0	5	0	0	0	0	0	0	0	0	0	0	0	0	0	0		0	2011
7012	@Item_7012	12	0	0	0	0	7012_0_1_10000	0	0	0	0	0	0	0	Item/I_7040.png	0	@Item_Desc_7012	0	0	5	0	0	0	0	0	0	0	0	0	0	0	0	0	0		0	2012
7013	@Item_7013	12	0	0	0	0	7013_0_1_10000	0	0	0	0	0	0	0	Item/I_7037.png	0	@Item_Desc_7013	0	0	6	0	0	0	0	0	0	0	0	0	0	0	0	0	0		0	2013
7014	@Item_7014	12	0	0	0	0	7014_0_1_10000	0	0	0	0	0	0	0	Item/I_7038.png	0	@Item_Desc_7014	0	0	6	0	0	0	0	0	0	0	0	0	0	0	0	0	0		0	2014
7015	@Item_7015	12	0	0	0	0	7015_0_1_10000	0	0	0	0	0	0	0	Item/I_7039.png	0	@Item_Desc_7015	0	0	6	0	0	0	0	0	0	0	0	0	0	0	0	0	0		0	2015
7016	@Item_7016	12	0	0	0	0	7016_0_1_10000	0	0	0	0	0	0	0	Item/I_7040.png	0	@Item_Desc_7016	0	0	6	0	0	0	0	0	0	0	0	0	0	0	0	0	0		0	2016
7017	@Item_7017	12	0	0	0	0	40000_1006_1_10000,40000_2006_1_10000,40000_3006_1_10000,40000_4006_1_10000	0	0	0	0	0	0	0	Item/I_7041.png	0	@Item_Desc_7017	0	0	4	0	0	0	0	0	0	0	0	0	0	0	0	0	0		0	2017
7018	@Item_7018	12	0	0	0	0	40000_1007_1_10000,40000_2007_1_10000,40000_3007_1_10000,40000_4007_1_10000	0	0	0	0	0	0	0	Item/I_7042.png	0	@Item_Desc_7018	0	0	4	0	0	0	0	0	0	0	0	0	0	0	0	0	0		0	2018
7019	@Item_7019	12	0	0	0	0	40000_1008_1_10000,40000_2008_1_10000,40000_3008_1_10000,40000_4008_1_10000	0	0	0	0	0	0	0	Item/I_7043.png	0	@Item_Desc_7019	0	0	4	0	0	0	0	0	0	0	0	0	0	0	0	0	0		0	2019
7020	@Item_7020	12	0	0	0	0	40000_1009_1_10000,40000_2009_1_10000,40000_3009_1_10000,40000_4009_1_10000	0	0	0	0	0	0	0	Item/I_7041.png	0	@Item_Desc_7020	0	0	5	0	0	0	0	0	0	0	0	0	0	0	0	0	0		0	2020
7021	@Item_7021	12	0	0	0	0	40000_1010_1_10000,40000_2010_1_10000,40000_3010_1_10000,40000_4010_1_10000	0	0	0	0	0	0	0	Item/I_7042.png	0	@Item_Desc_7021	0	0	5	0	0	0	0	0	0	0	0	0	0	0	0	0	0		0	2021
7022	@Item_7022	12	0	0	0	0	40000_1011_1_10000,40000_2011_1_10000,40000_3011_1_10000,40000_4011_1_10000	0	0	0	0	0	0	0	Item/I_7043.png	0	@Item_Desc_7022	0	0	5	0	0	0	0	0	0	0	0	0	0	0	0	0	0		0	2022
7023	@Item_7023	12	0	0	0	0	40000_1012_1_10000,40000_2012_1_10000,40000_3012_1_10000,40000_4012_1_10000	0	0	0	0	0	0	0	Item/I_7044.png	0	@Item_Desc_7023	0	0	5	0	0	0	0	0	0	0	0	0	0	0	0	0	0		0	2023
7024	@Item_7024	12	0	0	0	0	40000_1013_1_10000,40000_2013_1_10000,40000_3013_1_10000,40000_4013_1_10000	0	0	0	0	0	0	0	Item/I_7041.png	0	@Item_Desc_7024	0	0	6	0	0	0	0	0	0	0	0	0	0	0	0	0	0		0	2024
7025	@Item_7025	12	0	0	0	0	40000_1014_1_10000,40000_2014_1_10000,40000_3014_1_10000,40000_4014_1_10000	0	0	0	0	0	0	0	Item/I_7042.png	0	@Item_Desc_7025	0	0	6	0	0	0	0	0	0	0	0	0	0	0	0	0	0		0	2025
7026	@Item_7026	12	0	0	0	0	40000_1015_1_10000,40000_2015_1_10000,40000_3015_1_10000,40000_4015_1_10000	0	0	0	0	0	0	0	Item/I_7043.png	0	@Item_Desc_7026	0	0	6	0	0	0	0	0	0	0	0	0	0	0	0	0	0		0	2026
7027	@Item_7027	12	0	0	0	0	40000_1016_1_10000,40000_2016_1_10000,40000_3016_1_10000,40000_4016_1_10000	0	0	0	0	0	0	0	Item/I_7044.png	0	@Item_Desc_7027	0	0	6	0	0	0	0	0	0	0	0	0	0	0	0	0	0		0	2027
7028	@Item_7028	12	0	0	0	0	7028_0_1_10000	0	0	0	0	0	0	0	Item/I_7012.png	0	@Item_Desc_7028	0	0	4	0	0	0	0	0	0	0	0	0	0	0	0	0	0		0	2028
7029	@Item_7029	12	0	0	0	0	7029_0_1_10000	0	0	0	0	0	0	0	Item/I_7012.png	0	@Item_Desc_7029	0	0	4	0	0	0	0	0	0	0	0	0	0	0	0	0	0		0	2029
7030	@Item_7030	12	0	0	0	0	7030_0_1_10000	0	0	0	0	0	0	0	Item/I_7012.png	0	@Item_Desc_7030	0	0	4	0	0	0	0	0	0	0	0	0	0	0	0	0	0		0	2030
7031	@Item_7031	12	0	0	0	0	7031_0_1_10000	0	0	0	0	0	0	0	Item/I_7012.png	0	@Item_Desc_7031	0	0	4	0	0	0	0	0	0	0	0	0	0	0	0	0	0		0	2031
7032	@Item_7032	12	0	0	0	0	7032_0_1_10000	0	0	0	0	0	0	0	Item/I_7012.png	0	@Item_Desc_7032	0	0	4	0	0	0	0	0	0	0	0	0	0	0	0	0	0		0	2032
7033	@Item_7033	12	0	0	0	0	7033_0_1_10000	0	0	0	0	0	0	0	Item/I_7012.png	0	@Item_Desc_7033	0	0	4	0	0	0	0	0	0	0	0	0	0	0	0	0	0		0	2033
7034	@Item_7034	12	0	0	0	0	7034_0_1_10000	0	0	0	0	0	0	0	Item/I_7012.png	0	@Item_Desc_7034	0	0	4	0	0	0	0	0	0	0	0	0	0	0	0	0	0		0	2034
7035	@Item_7035	12	0	0	0	0	7035_0_1_10000	0	0	0	0	0	0	0	Item/I_7012.png	0	@Item_Desc_7035	0	0	4	0	0	0	0	0	0	0	0	0	0	0	0	0	0		0	2035
7036	@Item_7036	12	0	0	0	0	7036_0_1_10000	0	0	0	0	0	0	0	Item/I_7012.png	0	@Item_Desc_7036	0	0	4	0	0	0	0	0	0	0	0	0	0	0	0	0	0		0	2036
7037	@Item_7037	12	0	0	0	0	7037_0_1_10000	0	0	0	0	0	0	0	Item/I_7013.png	0	@Item_Desc_7037	0	0	4	0	0	0	0	0	0	0	0	0	0	0	0	0	0		0	2037
7038	@Item_7038	12	0	0	0	0	7038_0_1_10000	0	0	0	0	0	0	0	Item/I_7013.png	0	@Item_Desc_7038	0	0	4	0	0	0	0	0	0	0	0	0	0	0	0	0	0		0	2038
7039	@Item_7039	12	0	0	0	0	7039_0_1_10000	0	0	0	0	0	0	0	Item/I_7013.png	0	@Item_Desc_7039	0	0	4	0	0	0	0	0	0	0	0	0	0	0	0	0	0		0	2039
7040	@Item_7040	12	0	0	0	0	7040_0_1_10000	0	0	0	0	0	0	0	Item/I_7013.png	0	@Item_Desc_7040	0	0	4	0	0	0	0	0	0	0	0	0	0	0	0	0	0		0	2040
7041	@Item_7041	12	0	0	0	0	7041_0_1_10000	0	0	0	0	0	0	0	Item/I_7013.png	0	@Item_Desc_7041	0	0	4	0	0	0	0	0	0	0	0	0	0	0	0	0	0		0	2041
7042	@Item_7042	12	0	0	0	0	7042_0_1_10000	0	0	0	0	0	0	0	Item/I_7013.png	0	@Item_Desc_7042	0	0	4	0	0	0	0	0	0	0	0	0	0	0	0	0	0		0	2042
7043	@Item_7043	12	0	0	0	0	7043_0_1_10000	0	0	0	0	0	0	0	Item/I_7013.png	0	@Item_Desc_7043	0	0	4	0	0	0	0	0	0	0	0	0	0	0	0	0	0		0	2043
7044	@Item_7044	12	0	0	0	0	7044_0_1_10000	0	0	0	0	0	0	0	Item/I_7013.png	0	@Item_Desc_7044	0	0	4	0	0	0	0	0	0	0	0	0	0	0	0	0	0		0	2044
7045	@Item_7045	12	0	0	0	0	7045_0_1_10000	0	0	0	0	0	0	0	Item/I_7013.png	0	@Item_Desc_7045	0	0	4	0	0	0	0	0	0	0	0	0	0	0	0	0	0		0	2045
7046	@Item_7046	12	0	0	0	0	7046_0_1_10000	0	0	0	0	0	0	0	Item/I_7014.png	0	@Item_Desc_7046	0	0	4	0	0	0	0	0	0	0	0	0	0	0	0	0	0		0	2046
7047	@Item_7047	12	0	0	0	0	7047_0_1_10000	0	0	0	0	0	0	0	Item/I_7014.png	0	@Item_Desc_7047	0	0	4	0	0	0	0	0	0	0	0	0	0	0	0	0	0		0	2047
7048	@Item_7048	12	0	0	0	0	7048_0_1_10000	0	0	0	0	0	0	0	Item/I_7014.png	0	@Item_Desc_7048	0	0	4	0	0	0	0	0	0	0	0	0	0	0	0	0	0		0	2048
7049	@Item_7049	12	0	0	0	0	7049_0_1_10000	0	0	0	0	0	0	0	Item/I_7014.png	0	@Item_Desc_7049	0	0	4	0	0	0	0	0	0	0	0	0	0	0	0	0	0		0	2049
7050	@Item_7050	12	0	0	0	0	7050_0_1_10000	0	0	0	0	0	0	0	Item/I_7014.png	0	@Item_Desc_7050	0	0	4	0	0	0	0	0	0	0	0	0	0	0	0	0	0		0	2050
7051	@Item_7051	12	0	0	0	0	7051_0_1_10000	0	0	0	0	0	0	0	Item/I_7014.png	0	@Item_Desc_7051	0	0	4	0	0	0	0	0	0	0	0	0	0	0	0	0	0		0	2051
7052	@Item_7052	12	0	0	0	0	7052_0_1_10000	0	0	0	0	0	0	0	Item/I_7014.png	0	@Item_Desc_7052	0	0	4	0	0	0	0	0	0	0	0	0	0	0	0	0	0		0	2052
7053	@Item_7053	12	0	0	0	0	7053_0_1_10000	0	0	0	0	0	0	0	Item/I_7014.png	0	@Item_Desc_7053	0	0	4	0	0	0	0	0	0	0	0	0	0	0	0	0	0		0	2053
7054	@Item_7054	12	0	0	0	0	7054_0_1_10000	0	0	0	0	0	0	0	Item/I_7014.png	0	@Item_Desc_7054	0	0	4	0	0	0	0	0	0	0	0	0	0	0	0	0	0		0	2054
7055	@Item_7055	12	0	0	0	0	7055_0_1_10000	0	0	0	0	0	0	0	Item/I_7015.png	0	@Item_Desc_7055	0	0	4	0	0	0	0	0	0	0	0	0	0	0	0	0	0		0	2055
7056	@Item_7056	12	0	0	0	0	7056_0_1_10000	0	0	0	0	0	0	0	Item/I_7015.png	0	@Item_Desc_7056	0	0	4	0	0	0	0	0	0	0	0	0	0	0	0	0	0		0	2056
7057	@Item_7057	12	0	0	0	0	7057_0_1_10000	0	0	0	0	0	0	0	Item/I_7015.png	0	@Item_Desc_7057	0	0	4	0	0	0	0	0	0	0	0	0	0	0	0	0	0		0	2057
7058	@Item_7058	12	0	0	0	0	7058_0_1_10000	0	0	0	0	0	0	0	Item/I_7015.png	0	@Item_Desc_7058	0	0	4	0	0	0	0	0	0	0	0	0	0	0	0	0	0		0	2058
7059	@Item_7059	12	0	0	0	0	7059_0_1_10000	0	0	0	0	0	0	0	Item/I_7015.png	0	@Item_Desc_7059	0	0	4	0	0	0	0	0	0	0	0	0	0	0	0	0	0		0	2059
7060	@Item_7060	12	0	0	0	0	7060_0_1_10000	0	0	0	0	0	0	0	Item/I_7015.png	0	@Item_Desc_7060	0	0	4	0	0	0	0	0	0	0	0	0	0	0	0	0	0		0	2060
7061	@Item_7061	12	0	0	0	0	7061_0_1_10000	0	0	0	0	0	0	0	Item/I_7015.png	0	@Item_Desc_7061	0	0	4	0	0	0	0	0	0	0	0	0	0	0	0	0	0		0	2061
7062	@Item_7062	12	0	0	0	0	7062_0_1_10000	0	0	0	0	0	0	0	Item/I_7015.png	0	@Item_Desc_7062	0	0	4	0	0	0	0	0	0	0	0	0	0	0	0	0	0		0	2062
7063	@Item_7063	12	0	0	0	0	7063_0_1_10000	0	0	0	0	0	0	0	Item/I_7015.png	0	@Item_Desc_7063	0	0	4	0	0	0	0	0	0	0	0	0	0	0	0	0	0		0	2063
7064	@Item_7064	12	0	0	0	0	7064_0_1_10000	0	0	0	0	0	0	0	Item/I_7016.png	0	@Item_Desc_7064	0	0	5	0	0	0	0	0	0	0	0	0	0	0	0	0	0		0	2064
7065	@Item_7065	12	0	0	0	0	7065_0_1_10000	0	0	0	0	0	0	0	Item/I_7016.png	0	@Item_Desc_7065	0	0	5	0	0	0	0	0	0	0	0	0	0	0	0	0	0		0	2065
7066	@Item_7066	12	0	0	0	0	7066_0_1_10000	0	0	0	0	0	0	0	Item/I_7016.png	0	@Item_Desc_7066	0	0	5	0	0	0	0	0	0	0	0	0	0	0	0	0	0		0	2066
7067	@Item_7067	12	0	0	0	0	7067_0_1_10000	0	0	0	0	0	0	0	Item/I_7016.png	0	@Item_Desc_7067	0	0	5	0	0	0	0	0	0	0	0	0	0	0	0	0	0		0	2067
7068	@Item_7068	12	0	0	0	0	7068_0_1_10000	0	0	0	0	0	0	0	Item/I_7016.png	0	@Item_Desc_7068	0	0	5	0	0	0	0	0	0	0	0	0	0	0	0	0	0		0	2068
7069	@Item_7069	12	0	0	0	0	7069_0_1_10000	0	0	0	0	0	0	0	Item/I_7016.png	0	@Item_Desc_7069	0	0	5	0	0	0	0	0	0	0	0	0	0	0	0	0	0		0	2069
7070	@Item_7070	12	0	0	0	0	7070_0_1_10000	0	0	0	0	0	0	0	Item/I_7016.png	0	@Item_Desc_7070	0	0	5	0	0	0	0	0	0	0	0	0	0	0	0	0	0		0	2070
7071	@Item_7071	12	0	0	0	0	7071_0_1_10000	0	0	0	0	0	0	0	Item/I_7016.png	0	@Item_Desc_7071	0	0	5	0	0	0	0	0	0	0	0	0	0	0	0	0	0		0	2071
7072	@Item_7072	12	0	0	0	0	7072_0_1_10000	0	0	0	0	0	0	0	Item/I_7016.png	0	@Item_Desc_7072	0	0	5	0	0	0	0	0	0	0	0	0	0	0	0	0	0		0	2072
7073	@Item_7073	12	0	0	0	0	7073_0_1_10000	0	0	0	0	0	0	0	Item/I_7017.png	0	@Item_Desc_7073	0	0	5	0	0	0	0	0	0	0	0	0	0	0	0	0	0		0	2073
7074	@Item_7074	12	0	0	0	0	7074_0_1_10000	0	0	0	0	0	0	0	Item/I_7017.png	0	@Item_Desc_7074	0	0	5	0	0	0	0	0	0	0	0	0	0	0	0	0	0		0	2074
7075	@Item_7075	12	0	0	0	0	7075_0_1_10000	0	0	0	0	0	0	0	Item/I_7017.png	0	@Item_Desc_7075	0	0	5	0	0	0	0	0	0	0	0	0	0	0	0	0	0		0	2075
7076	@Item_7076	12	0	0	0	0	7076_0_1_10000	0	0	0	0	0	0	0	Item/I_7017.png	0	@Item_Desc_7076	0	0	5	0	0	0	0	0	0	0	0	0	0	0	0	0	0		0	2076
7077	@Item_7077	12	0	0	0	0	7077_0_1_10000	0	0	0	0	0	0	0	Item/I_7017.png	0	@Item_Desc_7077	0	0	5	0	0	0	0	0	0	0	0	0	0	0	0	0	0		0	2077
7078	@Item_7078	12	0	0	0	0	7078_0_1_10000	0	0	0	0	0	0	0	Item/I_7017.png	0	@Item_Desc_7078	0	0	5	0	0	0	0	0	0	0	0	0	0	0	0	0	0		0	2078
7079	@Item_7079	12	0	0	0	0	7079_0_1_10000	0	0	0	0	0	0	0	Item/I_7017.png	0	@Item_Desc_7079	0	0	5	0	0	0	0	0	0	0	0	0	0	0	0	0	0		0	2079
7080	@Item_7080	12	0	0	0	0	7080_0_1_10000	0	0	0	0	0	0	0	Item/I_7017.png	0	@Item_Desc_7080	0	0	5	0	0	0	0	0	0	0	0	0	0	0	0	0	0		0	2080
7081	@Item_7081	12	0	0	0	0	7081_0_1_10000	0	0	0	0	0	0	0	Item/I_7017.png	0	@Item_Desc_7081	0	0	5	0	0	0	0	0	0	0	0	0	0	0	0	0	0		0	2081
7082	@Item_7082	12	0	0	0	0	7082_0_1_10000	0	0	0	0	0	0	0	Item/I_7018.png	0	@Item_Desc_7082	0	0	5	0	0	0	0	0	0	0	0	0	0	0	0	0	0		0	2082
7083	@Item_7083	12	0	0	0	0	7083_0_1_10000	0	0	0	0	0	0	0	Item/I_7018.png	0	@Item_Desc_7083	0	0	5	0	0	0	0	0	0	0	0	0	0	0	0	0	0		0	2083
7084	@Item_7084	12	0	0	0	0	7084_0_1_10000	0	0	0	0	0	0	0	Item/I_7018.png	0	@Item_Desc_7084	0	0	5	0	0	0	0	0	0	0	0	0	0	0	0	0	0		0	2084
7085	@Item_7085	12	0	0	0	0	7085_0_1_10000	0	0	0	0	0	0	0	Item/I_7018.png	0	@Item_Desc_7085	0	0	5	0	0	0	0	0	0	0	0	0	0	0	0	0	0		0	2085
7086	@Item_7086	12	0	0	0	0	7086_0_1_10000	0	0	0	0	0	0	0	Item/I_7018.png	0	@Item_Desc_7086	0	0	5	0	0	0	0	0	0	0	0	0	0	0	0	0	0		0	2086
7087	@Item_7087	12	0	0	0	0	7087_0_1_10000	0	0	0	0	0	0	0	Item/I_7018.png	0	@Item_Desc_7087	0	0	5	0	0	0	0	0	0	0	0	0	0	0	0	0	0		0	2087
7088	@Item_7088	12	0	0	0	0	7088_0_1_10000	0	0	0	0	0	0	0	Item/I_7018.png	0	@Item_Desc_7088	0	0	5	0	0	0	0	0	0	0	0	0	0	0	0	0	0		0	2088
7089	@Item_7089	12	0	0	0	0	7089_0_1_10000	0	0	0	0	0	0	0	Item/I_7018.png	0	@Item_Desc_7089	0	0	5	0	0	0	0	0	0	0	0	0	0	0	0	0	0		0	2089
7090	@Item_7090	12	0	0	0	0	7090_0_1_10000	0	0	0	0	0	0	0	Item/I_7018.png	0	@Item_Desc_7090	0	0	5	0	0	0	0	0	0	0	0	0	0	0	0	0	0		0	2090
7091	@Item_7091	12	0	0	0	0	7091_0_1_10000	0	0	0	0	0	0	0	Item/I_7019.png	0	@Item_Desc_7091	0	0	5	0	0	0	0	0	0	0	0	0	0	0	0	0	0		0	2091
7092	@Item_7092	12	0	0	0	0	7092_0_1_10000	0	0	0	0	0	0	0	Item/I_7019.png	0	@Item_Desc_7092	0	0	5	0	0	0	0	0	0	0	0	0	0	0	0	0	0		0	2092
7093	@Item_7093	12	0	0	0	0	7093_0_1_10000	0	0	0	0	0	0	0	Item/I_7019.png	0	@Item_Desc_7093	0	0	5	0	0	0	0	0	0	0	0	0	0	0	0	0	0		0	2093
7094	@Item_7094	12	0	0	0	0	7094_0_1_10000	0	0	0	0	0	0	0	Item/I_7019.png	0	@Item_Desc_7094	0	0	5	0	0	0	0	0	0	0	0	0	0	0	0	0	0		0	2094
7095	@Item_7095	12	0	0	0	0	7095_0_1_10000	0	0	0	0	0	0	0	Item/I_7019.png	0	@Item_Desc_7095	0	0	5	0	0	0	0	0	0	0	0	0	0	0	0	0	0		0	2095
7096	@Item_7096	12	0	0	0	0	7096_0_1_10000	0	0	0	0	0	0	0	Item/I_7019.png	0	@Item_Desc_7096	0	0	5	0	0	0	0	0	0	0	0	0	0	0	0	0	0		0	2096
7097	@Item_7097	12	0	0	0	0	7097_0_1_10000	0	0	0	0	0	0	0	Item/I_7019.png	0	@Item_Desc_7097	0	0	5	0	0	0	0	0	0	0	0	0	0	0	0	0	0		0	2097
7098	@Item_7098	12	0	0	0	0	7098_0_1_10000	0	0	0	0	0	0	0	Item/I_7019.png	0	@Item_Desc_7098	0	0	5	0	0	0	0	0	0	0	0	0	0	0	0	0	0		0	2098
7099	@Item_7099	12	0	0	0	0	7099_0_1_10000	0	0	0	0	0	0	0	Item/I_7019.png	0	@Item_Desc_7099	0	0	5	0	0	0	0	0	0	0	0	0	0	0	0	0	0		0	2099
7100	@Item_7100	12	0	0	0	0	7100_0_1_10000	0	0	0	0	0	0	0	Item/I_7020.png	0	@Item_Desc_7100	0	0	5	0	0	0	0	0	0	0	0	0	0	0	0	0	0		0	2100
7101	@Item_7101	12	0	0	0	0	7101_0_1_10000	0	0	0	0	0	0	0	Item/I_7020.png	0	@Item_Desc_7101	0	0	5	0	0	0	0	0	0	0	0	0	0	0	0	0	0		0	2101
7102	@Item_7102	12	0	0	0	0	7102_0_1_10000	0	0	0	0	0	0	0	Item/I_7020.png	0	@Item_Desc_7102	0	0	5	0	0	0	0	0	0	0	0	0	0	0	0	0	0		0	2102
7103	@Item_7103	12	0	0	0	0	7103_0_1_10000	0	0	0	0	0	0	0	Item/I_7020.png	0	@Item_Desc_7103	0	0	5	0	0	0	0	0	0	0	0	0	0	0	0	0	0		0	2103
7104	@Item_7104	12	0	0	0	0	7104_0_1_10000	0	0	0	0	0	0	0	Item/I_7020.png	0	@Item_Desc_7104	0	0	5	0	0	0	0	0	0	0	0	0	0	0	0	0	0		0	2104
7105	@Item_7105	12	0	0	0	0	7105_0_1_10000	0	0	0	0	0	0	0	Item/I_7020.png	0	@Item_Desc_7105	0	0	5	0	0	0	0	0	0	0	0	0	0	0	0	0	0		0	2105
7106	@Item_7106	12	0	0	0	0	7106_0_1_10000	0	0	0	0	0	0	0	Item/I_7020.png	0	@Item_Desc_7106	0	0	5	0	0	0	0	0	0	0	0	0	0	0	0	0	0		0	2106
7107	@Item_7107	12	0	0	0	0	7107_0_1_10000	0	0	0	0	0	0	0	Item/I_7020.png	0	@Item_Desc_7107	0	0	5	0	0	0	0	0	0	0	0	0	0	0	0	0	0		0	2107
7108	@Item_7108	12	0	0	0	0	7108_0_1_10000	0	0	0	0	0	0	0	Item/I_7020.png	0	@Item_Desc_7108	0	0	5	0	0	0	0	0	0	0	0	0	0	0	0	0	0		0	2108
7109	@Item_7109	12	0	0	0	0	7109_0_1_10000	0	0	0	0	0	0	0	Item/I_7021.png	0	@Item_Desc_7109	0	0	5	0	0	0	0	0	0	0	0	0	0	0	0	0	0		0	2109
7110	@Item_7110	12	0	0	0	0	7110_0_1_10000	0	0	0	0	0	0	0	Item/I_7021.png	0	@Item_Desc_7110	0	0	5	0	0	0	0	0	0	0	0	0	0	0	0	0	0		0	2110
7111	@Item_7111	12	0	0	0	0	7111_0_1_10000	0	0	0	0	0	0	0	Item/I_7021.png	0	@Item_Desc_7111	0	0	5	0	0	0	0	0	0	0	0	0	0	0	0	0	0		0	2111
7112	@Item_7112	12	0	0	0	0	7112_0_1_10000	0	0	0	0	0	0	0	Item/I_7021.png	0	@Item_Desc_7112	0	0	5	0	0	0	0	0	0	0	0	0	0	0	0	0	0		0	2112
7113	@Item_7113	12	0	0	0	0	7113_0_1_10000	0	0	0	0	0	0	0	Item/I_7021.png	0	@Item_Desc_7113	0	0	5	0	0	0	0	0	0	0	0	0	0	0	0	0	0		0	2113
7114	@Item_7114	12	0	0	0	0	7114_0_1_10000	0	0	0	0	0	0	0	Item/I_7021.png	0	@Item_Desc_7114	0	0	5	0	0	0	0	0	0	0	0	0	0	0	0	0	0		0	2114
7115	@Item_7115	12	0	0	0	0	7115_0_1_10000	0	0	0	0	0	0	0	Item/I_7021.png	0	@Item_Desc_7115	0	0	5	0	0	0	0	0	0	0	0	0	0	0	0	0	0		0	2115
7116	@Item_7116	12	0	0	0	0	7116_0_1_10000	0	0	0	0	0	0	0	Item/I_7021.png	0	@Item_Desc_7116	0	0	5	0	0	0	0	0	0	0	0	0	0	0	0	0	0		0	2116
7117	@Item_7117	12	0	0	0	0	7117_0_1_10000	0	0	0	0	0	0	0	Item/I_7021.png	0	@Item_Desc_7117	0	0	5	0	0	0	0	0	0	0	0	0	0	0	0	0	0		0	2117
7118	@Item_7118	12	0	0	0	0	7118_0_1_10000	0	0	0	0	0	0	0	Item/I_7022.png	0	@Item_Desc_7118	0	0	5	0	0	0	0	0	0	0	0	0	0	0	0	0	0		0	2118
7119	@Item_7119	12	0	0	0	0	7119_0_1_10000	0	0	0	0	0	0	0	Item/I_7022.png	0	@Item_Desc_7119	0	0	5	0	0	0	0	0	0	0	0	0	0	0	0	0	0		0	2119
7120	@Item_7120	12	0	0	0	0	7120_0_1_10000	0	0	0	0	0	0	0	Item/I_7022.png	0	@Item_Desc_7120	0	0	5	0	0	0	0	0	0	0	0	0	0	0	0	0	0		0	2120
7121	@Item_7121	12	0	0	0	0	7121_0_1_10000	0	0	0	0	0	0	0	Item/I_7022.png	0	@Item_Desc_7121	0	0	5	0	0	0	0	0	0	0	0	0	0	0	0	0	0		0	2121
7122	@Item_7122	12	0	0	0	0	7122_0_1_10000	0	0	0	0	0	0	0	Item/I_7022.png	0	@Item_Desc_7122	0	0	5	0	0	0	0	0	0	0	0	0	0	0	0	0	0		0	2122
7123	@Item_7123	12	0	0	0	0	7123_0_1_10000	0	0	0	0	0	0	0	Item/I_7022.png	0	@Item_Desc_7123	0	0	5	0	0	0	0	0	0	0	0	0	0	0	0	0	0		0	2123
7124	@Item_7124	12	0	0	0	0	7124_0_1_10000	0	0	0	0	0	0	0	Item/I_7022.png	0	@Item_Desc_7124	0	0	5	0	0	0	0	0	0	0	0	0	0	0	0	0	0		0	2124
7125	@Item_7125	12	0	0	0	0	7125_0_1_10000	0	0	0	0	0	0	0	Item/I_7022.png	0	@Item_Desc_7125	0	0	5	0	0	0	0	0	0	0	0	0	0	0	0	0	0		0	2125
7126	@Item_7126	12	0	0	0	0	7126_0_1_10000	0	0	0	0	0	0	0	Item/I_7022.png	0	@Item_Desc_7126	0	0	5	0	0	0	0	0	0	0	0	0	0	0	0	0	0		0	2126
7127	@Item_7127	12	0	0	0	0	7127_0_1_10000	0	0	0	0	0	0	0	Item/I_7023.png	0	@Item_Desc_7127	0	0	4	0	0	0	0	0	0	0	0	0	0	0	0	0	0		0	2127
7128	@Item_7128	12	0	0	0	0	7128_0_1_10000	0	0	0	0	0	0	0	Item/I_7023.png	0	@Item_Desc_7128	0	0	4	0	0	0	0	0	0	0	0	0	0	0	0	0	0		0	2128
7129	@Item_7129	12	0	0	0	0	7129_0_1_10000	0	0	0	0	0	0	0	Item/I_7023.png	0	@Item_Desc_7129	0	0	4	0	0	0	0	0	0	0	0	0	0	0	0	0	0		0	2129
7130	@Item_7130	12	0	0	0	0	7130_0_1_10000	0	0	0	0	0	0	0	Item/I_7023.png	0	@Item_Desc_7130	0	0	4	0	0	0	0	0	0	0	0	0	0	0	0	0	0		0	2130
7131	@Item_7131	12	0	0	0	0	7131_0_1_10000	0	0	0	0	0	0	0	Item/I_7023.png	0	@Item_Desc_7131	0	0	4	0	0	0	0	0	0	0	0	0	0	0	0	0	0		0	2131
7132	@Item_7132	12	0	0	0	0	7132_0_1_10000	0	0	0	0	0	0	0	Item/I_7023.png	0	@Item_Desc_7132	0	0	4	0	0	0	0	0	0	0	0	0	0	0	0	0	0		0	2132
7133	@Item_7133	12	0	0	0	0	7133_0_1_10000	0	0	0	0	0	0	0	Item/I_7023.png	0	@Item_Desc_7133	0	0	4	0	0	0	0	0	0	0	0	0	0	0	0	0	0		0	2133
7134	@Item_7134	12	0	0	0	0	7134_0_1_10000	0	0	0	0	0	0	0	Item/I_7024.png	0	@Item_Desc_7134	0	0	5	0	0	0	0	0	0	0	0	0	0	0	0	0	0		0	2134
7135	@Item_7135	12	0	0	0	0	7135_0_1_10000	0	0	0	0	0	0	0	Item/I_7024.png	0	@Item_Desc_7135	0	0	5	0	0	0	0	0	0	0	0	0	0	0	0	0	0		0	2135
7136	@Item_7136	12	0	0	0	0	7136_0_1_10000	0	0	0	0	0	0	0	Item/I_7024.png	0	@Item_Desc_7136	0	0	5	0	0	0	0	0	0	0	0	0	0	0	0	0	0		0	2136
7137	@Item_7137	12	0	0	0	0	7137_0_1_10000	0	0	0	0	0	0	0	Item/I_7024.png	0	@Item_Desc_7137	0	0	5	0	0	0	0	0	0	0	0	0	0	0	0	0	0		0	2137
7138	@Item_7138	12	0	0	0	0	7138_0_1_10000	0	0	0	0	0	0	0	Item/I_7024.png	0	@Item_Desc_7138	0	0	5	0	0	0	0	0	0	0	0	0	0	0	0	0	0		0	2138
7139	@Item_7139	12	0	0	0	0	7139_0_1_10000	0	0	0	0	0	0	0	Item/I_7024.png	0	@Item_Desc_7139	0	0	5	0	0	0	0	0	0	0	0	0	0	0	0	0	0		0	2139
7140	@Item_7140	12	0	0	0	0	7140_0_1_10000	0	0	0	0	0	0	0	Item/I_7024.png	0	@Item_Desc_7140	0	0	5	0	0	0	0	0	0	0	0	0	0	0	0	0	0		0	2140
7141	@Item_7141	12	0	0	0	0	7141_0_1_10000	0	0	0	0	0	0	0	Item/I_7025.png	0	@Item_Desc_7141	0	0	6	0	0	0	0	0	0	0	0	0	0	0	0	0	0		0	2141
7142	@Item_7142	12	0	0	0	0	7142_0_1_10000	0	0	0	0	0	0	0	Item/I_7025.png	0	@Item_Desc_7142	0	0	6	0	0	0	0	0	0	0	0	0	0	0	0	0	0		0	2142
7143	@Item_7143	12	0	0	0	0	7143_0_1_10000	0	0	0	0	0	0	0	Item/I_7025.png	0	@Item_Desc_7143	0	0	6	0	0	0	0	0	0	0	0	0	0	0	0	0	0		0	2143
7144	@Item_7144	12	0	0	0	0	7144_0_1_10000	0	0	0	0	0	0	0	Item/I_7025.png	0	@Item_Desc_7144	0	0	6	0	0	0	0	0	0	0	0	0	0	0	0	0	0		0	2144
7145	@Item_7145	12	0	0	0	0	7145_0_1_10000	0	0	0	0	0	0	0	Item/I_7025.png	0	@Item_Desc_7145	0	0	6	0	0	0	0	0	0	0	0	0	0	0	0	0	0		0	2145
7146	@Item_7146	12	0	0	0	0	7146_0_1_10000	0	0	0	0	0	0	0	Item/I_7025.png	0	@Item_Desc_7146	0	0	6	0	0	0	0	0	0	0	0	0	0	0	0	0	0		0	2146
7147	@Item_7147	12	0	0	0	0	7147_0_1_10000	0	0	0	0	0	0	0	Item/I_7025.png	0	@Item_Desc_7147	0	0	6	0	0	0	0	0	0	0	0	0	0	0	0	0	0		0	2147
7148	@Item_7148	12	0	0	0	0	7148_0_1_10000	0	0	0	0	0	0	0	Item/I_7008.png	0	@Item_Desc_7148	0	0	5	0	0	0	0	0	0	0	0	0	0	0	0	0	0		0	2148
7149	@Item_7149	12	0	0	0	0	7149_0_1_10000	0	0	0	0	0	0	0	Item/I_7008.png	0	@Item_Desc_7149	0	0	5	0	0	0	0	0	0	0	0	0	0	0	0	0	0		0	2149
7150	@Item_7150	12	0	0	0	0	7150_0_1_10000	0	0	0	0	0	0	0	Item/I_7011.png	0	@Item_Desc_7150	0	0	5	0	0	0	0	0	0	0	0	0	0	0	0	0	0		0	2150
7151	@Item_7151	12	0	0	0	0	30000_6004_2_10000,30000_7001_50000_10000	0	0	0	0	0	0	0	Item/I_7011.png	0	@Item_Desc_7151	0	0	6	0	0	0	0	0	0	0	0	0	0	0	0	0	0		0	2151
7152	@Item_7152	12	0	0	0	0	30000_6004_4_10000,30000_7001_100000_10000	0	0	0	0	0	0	0	Item/I_7011.png	0	@Item_Desc_7152	0	0	6	0	0	0	0	0	0	0	0	0	0	0	0	0	0		0	2152
7153	@Item_7153	12	0	0	0	0	30000_5001_250_10000	0	0	0	0	0	0	0	Item/I_7011.png	0	@Item_Desc_7153	0	0	5	0	0	0	0	0	0	0	0	0	0	0	0	0	0		0	2153
7154	@Item_7154	12	0	0	0	0	30000_5001_500_10000	0	0	0	0	0	0	0	Item/I_7011.png	0	@Item_Desc_7154	0	0	5	0	0	0	0	0	0	0	0	0	0	0	0	0	0		0	2154
7155	@Item_7155	12	0	0	0	0	30000_5001_750_10000	0	0	0	0	0	0	0	Item/I_7011.png	0	@Item_Desc_7155	0	0	5	0	0	0	0	0	0	0	0	0	0	0	0	0	0		0	2155
7156	@Item_7156	12	0	0	0	0	30000_5001_1000_10000	0	0	0	0	0	0	0	Item/I_7011.png	0	@Item_Desc_7156	0	0	5	0	0	0	0	0	0	0	0	0	0	0	0	0	0		0	2156
7157	@Item_7157	12	0	0	0	0	7157_0_1_10000	0	0	0	0	0	0	0	Item/I_7011.png	0	@Item_Desc_7157	0	0	5	0	0	0	0	0	0	0	0	0	0	0	0	0	0		0	2157
7158	@Item_7158	12	0	0	0	0	7158_0_1_10000	0	0	0	0	0	0	0	Item/I_7011.png	0	@Item_Desc_7158	0	0	5	0	0	0	0	0	0	0	0	0	0	0	0	0	0		0	2158
7159	@Item_7159	12	0	0	0	0	7159_0_1_10000	0	0	0	0	0	0	0	Item/I_7011.png	0	@Item_Desc_7159	0	0	5	0	0	0	0	0	0	0	0	0	0	0	0	0	0		0	2159
7160	@Item_7160	12	0	0	0	0	7160_0_1_10000	0	0	0	0	0	0	0	Item/I_7011.png	0	@Item_Desc_7160	0	0	4	0	0	0	0	0	0	0	0	0	0	0	0	0	0		0	2160
7161	@Item_7161	12	0	0	0	0	7161_0_1_10000	0	0	0	0	0	0	0	Item/I_7011.png	0	@Item_Desc_7161	0	0	3	0	0	0	0	0	0	0	0	0	0	0	0	0	0		0	2161
7162	@Item_7162	28	0	0	0	0	30000_501_60,30000_502_60,30000_503_60,30000_504_60	0	0	0	0	0	0	0	Item/I_7008.png	0	@Item_Desc_7162	0	0	6	0	0	0	0	0	0	0	0	0	0	0	0	0	0		0	2162
7163	@Item_7163	28	0	0	0	0	30000_505_60,30000_506_60,30000_507_60,30000_508_60	0	0	0	0	0	0	0	Item/I_7007.png	0	@Item_Desc_7163	0	0	5	0	0	0	0	0	0	0	0	0	0	0	0	0	0		0	2163
7164	@Item_7164	28	0	0	0	0	30000_509_60,30000_510_60,30000_511_60,30000_512_60	0	0	0	0	0	0	0	Item/I_7006.png	0	@Item_Desc_7164	0	0	4	0	0	0	0	0	0	0	0	0	0	0	0	0	0		0	2164
7165	@Item_7165	28	0	0	0	0	70000_3_30,70000_4_30,70000_5_30,70000_7_30,70000_8_30,70000_9_30,70000_14_30,70000_15_30,70000_18_30	0	0	0	0	0	0	0	Item/I_7045.png	0	@Item_Desc_7165	0	0	5	0	0	0	0	0	0	0	0	0	0	0	0	0	0		0	2165
7166	@Item_7166	28	0	0	0	0	70000_19_30,70000_20_30,70000_21_30,70000_22_30,70000_23_30,70000_24_30	0	0	0	0	0	0	0	Item/I_7046.png	0	@Item_Desc_7166	0	0	5	0	0	0	0	0	0	0	0	0	0	0	0	0	0		0	2166
7167	@Item_7167	28	0	0	0	0	70000_3_1,70000_4_1,70000_5_1,70000_7_1,70000_8_1,70000_9_1,70000_14_1,70000_15_1,70000_18_1	0	0	0	0	0	0	0	Item/I_7047.png	0	@Item_Desc_7167	0	0	5	0	0	0	0	0	0	0	0	0	0	0	0	0	0		0	2167
7168	@Item_7168	28	0	0	0	0	70000_19_1,70000_20_1,70000_21_1,70000_22_1,70000_23_1,70000_24_1	0	0	0	0	0	0	0	Item/I_7048.png	0	@Item_Desc_7168	0	0	5	0	0	0	0	0	0	0	0	0	0	0	0	0	0		0	2168
7169	@Item_7169	28	0	0	0	0	70000_3_30,70000_4_30,70000_5_30,70000_7_30,70000_8_30,70000_9_30,70000_14_30,70000_15_30,70000_18_30	0	0	0	0	0	0	0	Item/I_7047.png	0	@Item_Desc_7169	0	0	5	0	0	0	0	0	0	0	0	0	0	0	0	0	0		0	2169
7170	@Item_7170	28	0	0	0	0	70000_19_30,70000_20_30,70000_21_30,70000_22_30,70000_23_30,70000_24_30	0	0	0	0	0	0	0	Item/I_7048.png	0	@Item_Desc_7170	0	0	5	0	0	0	0	0	0	0	0	0	0	0	0	0	0		0	2170
7171	@Item_7171	28	0	0	0	0	70000_3_60,70000_4_60,70000_5_60,70000_7_60,70000_8_60,70000_9_60,70000_14_60,70000_15_60,70000_18_60	0	0	0	0	0	0	0	Item/I_7047.png	0	@Item_Desc_7171	0	0	5	0	0	0	0	0	0	0	0	0	0	0	0	0	0		0	2171
7172	@Item_7172	28	0	0	0	0	70000_19_60,70000_20_60,70000_21_60,70000_22_60,70000_23_60,70000_24_60	0	0	0	0	0	0	0	Item/I_7048.png	0	@Item_Desc_7172	0	0	5	0	0	0	0	0	0	0	0	0	0	0	0	0	0		0	2172
7173	@Item_7173	28	0	0	0	0	40000_1009_1,40000_2009_1,40000_3009_1,40000_4009_1	0	0	0	0	0	0	0	Item/I_7049.png	0	@Item_Desc_7173	0	0	5	0	0	0	0	0	0	0	0	0	0	0	0	0	0		0	2173
7174	@Item_7174	28	0	0	0	0	40000_1009_1,40000_2009_1,40000_3009_1,40000_4009_1	0	0	0	0	0	0	0	Item/I_7050.png	0	@Item_Desc_7174	0	0	5	0	0	0	0	0	0	0	0	0	0	0	0	0	0		0	2174
7175	@Item_7175	28	0	0	0	0	40000_1011_1,40000_2011_1,40000_3011_1,40000_4011_1	0	0	0	0	0	0	0	Item/I_7051.png	0	@Item_Desc_7175	0	0	5	0	0	0	0	0	0	0	0	0	0	0	0	0	0		0	2175
7176	@Item_7176	28	0	0	0	0	40000_1012_1,40000_2012_1,40000_3012_1,40000_4012_1	0	0	0	0	0	0	0	Item/I_7052.png	0	@Item_Desc_7176	0	0	5	0	0	0	0	0	0	0	0	0	0	0	0	0	0		0	2176
7177	@Item_7177	28	0	0	0	0	40000_1013_1,40000_2013_1,40000_3013_1,40000_4013_1	0	0	0	0	0	0	0	Item/I_7049.png	0	@Item_Desc_7177	0	0	6	0	0	0	0	0	0	0	0	0	0	0	0	0	0		0	2177
7178	@Item_7178	28	0	0	0	0	40000_1014_1,40000_2014_1,40000_3014_1,40000_4014_1	0	0	0	0	0	0	0	Item/I_7050.png	0	@Item_Desc_7178	0	0	6	0	0	0	0	0	0	0	0	0	0	0	0	0	0		0	2178
7179	@Item_7179	28	0	0	0	0	40000_1015_1,40000_2015_1,40000_3015_1,40000_4015_1	0	0	0	0	0	0	0	Item/I_7051.png	0	@Item_Desc_7179	0	0	6	0	0	0	0	0	0	0	0	0	0	0	0	0	0		0	2179
7180	@Item_7180	28	0	0	0	0	40000_1016_1,40000_2016_1,40000_3016_1,40000_4016_1	0	0	0	0	0	0	0	Item/I_7052.png	0	@Item_Desc_7180	0	0	6	0	0	0	0	0	0	0	0	0	0	0	0	0	0		0	2180
7181	@Item_7181	6	0	0	0	0	0	0	0	0	0	0	0	0	Item/I_7181.png	0	@Item_Desc_7181	0	0	5	0	0	0	0	0	0	0	0	0	0	0	0	0	0		0	2181
7182	@Item_7182	6	0	0	0	0	0	0	0	0	0	0	0	0	Item/I_7182.png	0	@Item_Desc_7182	0	0	5	0	0	0	0	0	0	0	0	0	0	0	0	0	0		0	2182
7183	@Item_7183	28	0	0	0	0	40000_1001_1,40000_2001_1,40000_3001_1,40000_4001_1	0	0	0	0	0	0	0	Item/I_7049.png	0	@Item_Desc_7183	0	0	1	0	0	0	0	0	0	0	0	0	0	0	0	0	0		0	2183
7184	@Item_7184	28	0	0	0	0	40000_1002_1,40000_2002_1,40000_3002_1,40000_4002_1	0	0	0	0	0	0	0	Item/I_7049.png	0	@Item_Desc_7184	0	0	2	0	0	0	0	0	0	0	0	0	0	0	0	0	0		0	2184
7185	@Item_7185	28	0	0	0	0	40000_1003_1,40000_2003_1,40000_3003_1,40000_4003_1	0	0	0	0	0	0	0	Item/I_7050.png	0	@Item_Desc_7185	0	0	2	0	0	0	0	0	0	0	0	0	0	0	0	0	0		0	2185
7186	@Item_7186	28	0	0	0	0	40000_1004_1,40000_2004_1,40000_3004_1,40000_4004_1	0	0	0	0	0	0	0	Item/I_7049.png	0	@Item_Desc_7186	0	0	3	0	0	0	0	0	0	0	0	0	0	0	0	0	0		0	2186
7187	@Item_7187	28	0	0	0	0	40000_1005_1,40000_2005_1,40000_3005_1,40000_4005_1	0	0	0	0	0	0	0	Item/I_7050.png	0	@Item_Desc_7187	0	0	3	0	0	0	0	0	0	0	0	0	0	0	0	0	0		0	2187
7188	@Item_7188	28	0	0	0	0	40000_1006_1,40000_2006_1,40000_3006_1,40000_4006_1	0	0	0	0	0	0	0	Item/I_7049.png	0	@Item_Desc_7188	0	0	4	0	0	0	0	0	0	0	0	0	0	0	0	0	0		0	2188
7189	@Item_7189	28	0	0	0	0	40000_1007_1,40000_2007_1,40000_3007_1,40000_4007_1	0	0	0	0	0	0	0	Item/I_7050.png	0	@Item_Desc_7189	0	0	4	0	0	0	0	0	0	0	0	0	0	0	0	0	0		0	2189
7190	@Item_7190	28	0	0	0	0	40000_1008_1,40000_2008_1,40000_3008_1,40000_4008_1	0	0	0	0	0	0	0	Item/I_7051.png	0	@Item_Desc_7190	0	0	5	0	0	0	0	0	0	0	0	0	0	0	0	0	0		0	2190
7191	@Item_7191	28	0	0	0	0	90000_111_1,90000_112_1,90000_113_1,90000_114_1,90000_115_1,90000_116_1,90000_117_1	0	0	0	0	0	0	0	Item/I_7053.png	0	@Item_Desc_7191	0	0	1	0	0	0	0	0	0	0	0	0	0	0	0	0	0		0	2191
7192	@Item_7192	28	0	0	0	0	90000_121_1,90000_122_1,90000_123_1,90000_124_1,90000_125_1,90000_126_1,90000_127_1	0	0	0	0	0	0	0	Item/I_7054.png	0	@Item_Desc_7192	0	0	1	0	0	0	0	0	0	0	0	0	0	0	0	0	0		0	2192
7193	@Item_7193	28	0	0	0	0	90000_211_1,90000_212_1,90000_213_1,90000_214_1,90000_215_1,90000_216_1,90000_217_1	0	0	0	0	0	0	0	Item/I_7053.png	0	@Item_Desc_7193	0	0	2	0	0	0	0	0	0	0	0	0	0	0	0	0	0		0	2193
7194	@Item_7194	28	0	0	0	0	90000_221_1,90000_222_1,90000_223_1,90000_224_1,90000_225_1,90000_226_1,90000_227_1	0	0	0	0	0	0	0	Item/I_7054.png	0	@Item_Desc_7194	0	0	2	0	0	0	0	0	0	0	0	0	0	0	0	0	0		0	2194
7195	@Item_7195	28	0	0	0	0	90000_311_1,90000_312_1,90000_313_1,90000_314_1,90000_315_1,90000_316_1,90000_317_1	0	0	0	0	0	0	0	Item/I_7053.png	0	@Item_Desc_7195	0	0	3	0	0	0	0	0	0	0	0	0	0	0	0	0	0		0	2195
7196	@Item_7196	28	0	0	0	0	90000_321_1,90000_322_1,90000_323_1,90000_324_1,90000_325_1,90000_326_1,90000_327_1	0	0	0	0	0	0	0	Item/I_7054.png	0	@Item_Desc_7196	0	0	3	0	0	0	0	0	0	0	0	0	0	0	0	0	0		0	2196
7197	@Item_7197	12	0	0	0	0	7197_0_1_10000	0	0	0	0	0	0	0	Item/I_7055.png	0	@Item_Desc_7197	0	0	1	0	0	0	0	0	0	0	0	0	0	0	0	0	0		0	2197
7198	@Item_7198	12	0	0	0	0	7198_0_1_10000	0	0	0	0	0	0	0	Item/I_7055.png	0	@Item_Desc_7198	0	0	2	0	0	0	0	0	0	0	0	0	0	0	0	0	0		0	2198
7199	@Item_7199	12	0	0	0	0	7199_0_1_10000	0	0	0	0	0	0	0	Item/I_7055.png	0	@Item_Desc_7199	0	0	3	0	0	0	0	0	0	0	0	0	0	0	0	0	0		0	2199
7200	@Item_7200	28	0	0	0	0	70000_1_1,70000_2_1,70000_6_1	0	0	0	0	0	0	0	Item/I_7056.png	0	@Item_Desc_7200	0	0	5	0	0	0	0	0	0	0	0	0	0	0	0	0	0		0	2200
7201	@Item_7201	28	0	0	0	0	70000_10_1,70000_11_1,70000_12_1	0	0	0	0	0	0	0	Item/I_7057.png	0	@Item_Desc_7201	0	0	5	0	0	0	0	0	0	0	0	0	0	0	0	0	0		0	2201
7202	@Item_7202	28	0	0	0	0	70000_13_1,70000_16_1,70000_17_1,70000_18_1	0	0	0	0	0	0	0	Item/I_7058.png	0	@Item_Desc_7202	0	0	5	0	0	0	0	0	0	0	0	0	0	0	0	0	0		0	2202
7203	@Item_7203	12	0	0	0	0	7203_0_1_10000	0	0	0	0	0	0	0	Item/I_7059.png	0	@Item_Desc_7203	0	0	1	0	0	0	0	0	0	0	0	0	0	0	0	0	0		0	2203
7204	@Item_7204	12	0	0	0	0	7204_0_1_10000	0	0	0	0	0	0	0	Item/I_7060.png	0	@Item_Desc_7204	0	0	1	0	0	0	0	0	0	0	0	0	0	0	0	0	0		0	2204
7205	@Item_7205	12	0	0	0	0	7205_0_1_10000	0	0	0	0	0	0	0	Item/I_7059.png	0	@Item_Desc_7205	0	0	2	0	0	0	0	0	0	0	0	0	0	0	0	0	0		0	2205
7206	@Item_7206	12	0	0	0	0	7206_0_1_10000	0	0	0	0	0	0	0	Item/I_7060.png	0	@Item_Desc_7206	0	0	2	0	0	0	0	0	0	0	0	0	0	0	0	0	0		0	2206
7207	@Item_7207	12	0	0	0	0	7207_0_1_10000	0	0	0	0	0	0	0	Item/I_7059.png	0	@Item_Desc_7207	0	0	3	0	0	0	0	0	0	0	0	0	0	0	0	0	0		0	2207
7208	@Item_7208	12	0	0	0	0	7208_0_1_10000	0	0	0	0	0	0	0	Item/I_7060.png	0	@Item_Desc_7208	0	0	3	0	0	0	0	0	0	0	0	0	0	0	0	0	0		0	2208
7209	@Item_7209	12	0	0	0	0	30000_3001_6_10000,30000_3501_6_10000,30000_3801_6_10000	0	0	0	0	0	0	0	Item/I_7061.png	0	@Item_Desc_7209	0	0	4	0	0	0	0	0	0	0	0	0	0	0	0	0	0		0	2209
7210	@Item_7210	28	0	0	0	0	30000_3002_1,30000_3502_1,30000_3802_1	0	0	0	0	0	0	0	Item/I_7062.png	0	@Item_Desc_7210	0	0	2	0	0	0	0	0	0	0	0	0	0	0	0	0	0		0	2210
7211	@Item_7211	28	0	0	0	0	70000_1_1,70000_2_1,70000_6_1,70000_10_1,70000_11_1,70000_12_1,70000_13_1,70000_16_1,70000_17_1	0	0	0	0	0	0	0	Item/I_7211.png	0	@Item_Desc_7211	0	0	5	0	0	0	0	0	0	0	0	0	0	0	0	0	0		0	2211
7212	@Item_7212	12	0	0	0	0	7212_0_1_10000	0	0	0	0	0	0	0	Item/I_7037.png	0	@Item_Desc_7212	0	0	3	0	0	0	0	0	0	0	0	0	0	0	0	0	0		0	2212
7213	@Item_7213	12	0	0	0	0	7213_0_1_10000	0	0	0	0	0	0	0	Item/I_7038.png	0	@Item_Desc_7213	0	0	3	0	0	0	0	0	0	0	0	0	0	0	0	0	0		0	2213
7214	@Item_7214	12	0	0	0	0	30000_3002_6_10000,30000_3502_6_10000,30000_3802_6_10000	0	0	0	0	0	0	0	Item/I_7061.png	0	@Item_Desc_7214	0	0	2	0	0	0	0	0	0	0	0	0	0	0	0	0	0		0	2237
7215	@Item_7215	12	0	0	0	0	30000_3003_6_10000,30000_3503_6_10000,30000_3803_6_10000	0	0	0	0	0	0	0	Item/I_7061.png	0	@Item_Desc_7215	0	0	3	0	0	0	0	0	0	0	0	0	0	0	0	0	0		0	2238
7216	@Item_7216	28	0	0	0	0	90000_111_1,90000_112_1,90000_113_1,90000_114_1,90000_115_1,90000_116_1,90000_117_1,90000_121_1,90000_122_1,90000_123_1,90000_124_1,90000_125_1,90000_126_1,90000_127_1	0	0	0	0	0	0	0	Item/I_7033.png	0	@Item_Desc_7216	0	0	1	0	0	0	0	0	0	0	0	0	0	0	0	0	0		0	2239
7217	@Item_7217	28	0	0	0	0	90000_211_1,90000_212_1,90000_213_1,90000_214_1,90000_215_1,90000_216_1,90000_217_1,90000_221_1,90000_222_1,90000_223_1,90000_224_1,90000_225_1,90000_226_1,90000_227_1	0	0	0	0	0	0	0	Item/I_7034.png	0	@Item_Desc_7217	0	0	1	0	0	0	0	0	0	0	0	0	0	0	0	0	0		0	2240
7218	@Item_7218	28	0	0	0	0	90000_311_1,90000_312_1,90000_313_1,90000_314_1,90000_315_1,90000_316_1,90000_317_1,90000_321_1,90000_322_1,90000_323_1,90000_324_1,90000_325_1,90000_326_1,90000_327_1	0	0	0	0	0	0	0	Item/I_7035.png	0	@Item_Desc_7218	0	0	2	0	0	0	0	0	0	0	0	0	0	0	0	0	0		0	2241
7219	@Item_7219	28	0	0	0	0	90000_411_1,90000_412_1,90000_413_1,90000_414_1,90000_415_1,90000_416_1,90000_417_1,90000_421_1,90000_422_1,90000_423_1,90000_424_1,90000_425_1,90000_426_1,90000_427_1	0	0	0	0	0	0	0	Item/I_7036.png	0	@Item_Desc_7219	0	0	2	0	0	0	0	0	0	0	0	0	0	0	0	0	0		0	2242
7220	@Item_7220	28	0	0	0	0	90000_511_1,90000_512_1,90000_513_1,90000_514_1,90000_515_1,90000_516_1,90000_517_1,90000_521_1,90000_522_1,90000_523_1,90000_524_1,90000_525_1,90000_526_1,90000_527_1	0	0	0	0	0	0	0	Item/I_7036.png	0	@Item_Desc_7220	0	0	3	0	0	0	0	0	0	0	0	0	0	0	0	0	0		0	2243
7221	@Item_7221	12	0	0	0	0	7221_0_1_10000	0	0	0	0	0	0	0	Item/I_7028.png	0	@Item_Desc_7221	0	0	2	0	0	0	0	0	0	0	0	0	0	0	0	0	0		0	2244
7222	@Item_7222	28	0	0	0	0	30000_5005_1,30000_5003_1,30000_5007_1,30000_5006_1,30000_5008_1	0	0	0	0	0	0	0	Item/I_7024.png	0	@Item_Desc_7222	0	0	2	0	0	0	0	0	0	0	0	0	0	0	0	0	0		0	2245
7223	@Item_7223	28	0	0	0	0	30000_5010_1,30000_5011_1,30000_5012_1,30000_5013_1	0	0	0	0	0	0	0	Item/I_7025.png	0	@Item_Desc_7223	0	0	2	0	0	0	0	0	0	0	0	0	0	0	0	0	0		0	2246
7224	@Item_7224	12	0	0	0	0	7224_0_1_10000	0	0	0	0	0	0	0	Item/I_7011.png	0	@Item_Desc_7224	0	0	5	0	0	0	0	0	0	0	0	0	0	0	0	0	0		0	2247
7225	@Item_7225	28	0	0	0	0	70000_3_60,70000_4_60,70000_5_60,70000_7_60,70000_8_60,70000_9_60,70000_14_60,70000_15_60,70000_18_60,70000_19_60,70000_20_60,70000_21_60,70000_22_60,70000_23_60,70000_24_60	0	0	0	0	0	0	0	Item/I_7036.png	0	@Item_Desc_7225	0	0	5	0	0	0	0	0	0	0	0	0	0	0	0	0	0		0	2248
7226	@Item_7226	12	0	0	0	0	40000_1004_1_10000,40000_2004_1_10000,40000_3004_1_10000,40000_4004_1_10000	0	0	0	0	0	0	0	Item/I_7041.png	0	@Item_Desc_7226	0	0	3	0	0	0	0	0	0	0	0	0	0	0	0	0	0		0	2249
7301	@Item_7301	0	0	0	0	0	0	0	0	0	0	0	0	0	Item/I_6004.png	0	@Item_Desc_7301	0	0	1	0	0	0	0	0	0	0	0	0	0	0	0	0	0		0	2250
7501	@Item_7501	6	0	0	0	0		0	0	0	0	0	0	0	Item/I_7029.png	0	@Item_Desc_7501	0	0	3	0	0	0	0	0	0	0	0	0	0	0	0	0	0		0	2214
7502	@Item_7502	6	0	0	0	0		0	0	0	0	0	0	0	Item/I_7030.png	0	@Item_Desc_7502	0	0	5	0	0	0	0	0	0	0	0	0	0	0	0	0	0		0	2215
7503	@Item_7503	6	0	0	0	0		0	0	0	0	0	0	0	Item/I_7026.png	0	@Item_Desc_7503	0	0	4	0	0	0	0	0	0	0	0	0	0	0	0	0	0		0	2216
7601	@Item_7004	6	0	0	0	0	0	0	0	0	0	0	0	0	Item/I_7004.png	0	@Item_Desc_7004	0	0	4	0	0	0	0	0	0	0	0	0	0	0	0	0	0		0	2217
7602	@Item_7602	12	0	0	0	0	7602_0_1_10000	0	0	0	0	0	0	0	Item/I_7037.png	0	@Item_Desc_7602	0	0	2	0	0	0	0	0	0	0	0	0	0	0	0	0	0		0	2218
7603	@Item_7603	12	0	0	0	0	7603_0_1_10000	0	0	0	0	0	0	0	Item/I_7038.png	0	@Item_Desc_7603	0	0	2	0	0	0	0	0	0	0	0	0	0	0	0	0	0		0	2219
7604	@Item_7604	12	0	0	0	0	7604_0_1_10000	0	0	0	0	0	0	0	Item/I_7037.png	0	@Item_Desc_7604	0	0	1	0	0	0	0	0	0	0	0	0	0	0	0	0	0		0	2220
8001	@Item_8001	12	0	0	0	0	10000_1002_50000_15,10000_1002_25000_35,10000_1002_15000_50,	0	0	0	0	0	0	0	Item/I_7006.png	0	@Item_Desc_8001	0	0	1	0	0	0	0	0	0	0	0	0	0	0	0	0	0		0	2221
8002	@Item_8002	12	0	0	0	0	10000_1002_75000_15,10000_1002_50000_35,10000_1002_25000_50,	0	0	0	0	0	0	0	Item/I_7007.png	0	@Item_Desc_8002	0	0	2	0	0	0	0	0	0	0	0	0	0	0	0	0	0		0	2222
8003	@Item_8003	12	0	0	0	0	10000_1002_100000_15,10000_1002_75000_35,10000_1002_50000_50,	0	0	0	0	0	0	0	Item/I_7008.png	0	@Item_Desc_8003	0	0	3	0	0	0	0	0	0	0	0	0	0	0	0	0	0		0	2223
8004	@Item_8004	12	0	0	0	0	10000_1002_120000_15,10000_1002_100000_35,10000_1002_75000_50,	0	0	0	0	0	0	0	Item/I_7009.png	0	@Item_Desc_8004	0	0	4	0	0	0	0	0	0	0	0	0	0	0	0	0	0		0	2224
8101	@Item_8101	12	0	0	0	0	30000_7001_500_5,30000_7001_250_15,30000_7001_150_30,30000_7001_100_50	0	0	0	0	0	0	0	Item/I_7006.png	0	@Item_Desc_8101	0	0	1	0	0	0	0	0	0	0	0	0	0	0	0	0	0		0	2225
8102	@Item_8102	12	0	0	0	0	30000_7001_750_5,30000_7001_500_15,30000_7001_250_30,30000_7001_150_50	0	0	0	0	0	0	0	Item/I_7007.png	0	@Item_Desc_8102	0	0	2	0	0	0	0	0	0	0	0	0	0	0	0	0	0		0	2226
8103	@Item_8103	12	0	0	0	0	30000_7001_1000_5,30000_7001_750_15,30000_7001_500_30,30000_7001_250_50	0	0	0	0	0	0	0	Item/I_7008.png	0	@Item_Desc_8103	0	0	3	0	0	0	0	0	0	0	0	0	0	0	0	0	0		0	2227
8104	@Item_8104	12	0	0	0	0	30000_7001_1250_5,30000_7001_1000_15,30000_7001_750_30,30000_7001_500_50	0	0	0	0	0	0	0	Item/I_7009.png	0	@Item_Desc_8104	0	0	4	0	0	0	0	0	0	0	0	0	0	0	0	0	0		0	2228
8201	@Item_8201	12	0	0	0	0	30000_7181_10_15,30000_7181_8_35,30000_7181_4_50	0	0	0	0	0	0	0	Item/I_7006.png	0	@Item_Desc_8201	0	0	1	0	0	0	0	0	0	0	0	0	0	0	0	0	0		0	2229
8202	@Item_8202	12	0	0	0	0	30000_7181_20_15,30000_7181_10_35,30000_7181_8_50	0	0	0	0	0	0	0	Item/I_7007.png	0	@Item_Desc_8202	0	0	2	0	0	0	0	0	0	0	0	0	0	0	0	0	0		0	2230
8203	@Item_8203	12	0	0	0	0	30000_7181_40_15,30000_7181_20_35,30000_7181_10_50	0	0	0	0	0	0	0	Item/I_7008.png	0	@Item_Desc_8203	0	0	3	0	0	0	0	0	0	0	0	0	0	0	0	0	0		0	2231
9001	@Item_9001	12	0	0	0	0	30000_1_1_19,30000_2_1_19,30000_3_1_5,30000_4_1_19,30000_5_1_19,30000_6_1_19	0	0	0	0	0	0	0	Item/I_7013.png	0	@Item_Desc_9001	0	0	5	0	0	0	0	0	0	0	0	0	0	0	0	0	0		0	2232
9002	@Item_9002	12	0	0	0	0	30000_7_1_3,30000_8_1_3,30000_9_1_3,30000_10_1_30,30000_11_1_30,30000_12_1_31	0	0	0	0	0	0	0	Item/I_7014.png	0	@Item_Desc_9002	0	0	5	0	0	0	0	0	0	0	0	0	0	0	0	0	0		0	2233
9003	@Item_9003	12	0	0	0	0	30000_13_23,30000_14_4,30000_15_4,30000_16_23,30000_17_23,30000_18_23	0	0	0	0	0	0	0	Item/I_7015.png	0	@Item_Desc_9003	0	0	5	0	0	0	0	0	0	0	0	0	0	0	0	0	0		0	2234
9004	@Item_9004	12	0	0	0	0	30000_19_34,30000_20_33,30000_21_33	0	0	0	0	0	0	0	Item/I_7019.png	0	@Item_Desc_9004	0	0	5	0	0	0	0	0	0	0	0	0	0	0	0	0	0		0	2235
9005	@Item_9005	12	0	0	0	0	30000_22_34,30000_23_33,30000_24_33	0	0	0	0	0	0	0	Item/I_7020.png	0	@Item_Desc_9005	0	0	5	0	0	0	0	0	0	0	0	0	0	0	0	0	0		0	2236
10101	@Item_10101	19	0	0	0	0	30_10101_0	0	0	0	0	0	0	0	ItemIcon/I_10101.png	0	@Item_Desc_10101	0	0	6	0	0	0	0	0	0	0	0	0	0	0	0	0	0		0	36001
10201	@Item_10201	19	0	0	0	0	30_10201_0	0	0	0	0	0	0	0	ItemIcon/I_10201.png	0	@Item_Desc_10201	0	0	6	0	0	0	0	0	0	0	0	0	0	0	0	0	0		0	36002
10301	@Item_10301	19	0	0	0	0	30_10301_0	0	0	0	0	0	0	0	ItemIcon/I_10301.png	0	@Item_Desc_10301	0	0	6	0	0	0	0	0	0	0	0	0	0	0	0	0	0		0	36003
10401	@Item_10401	19	0	0	0	0	30_10401_0	0	0	0	0	0	0	0	ItemIcon/I_10401.png	0	@Item_Desc_10401	0	0	6	0	0	0	0	0	0	0	0	0	0	0	0	0	0		0	36004
10501	@Item_10501	19	0	0	0	0	30_10501_0	0	0	0	0	0	0	0	ItemIcon/I_10501.png	0	@Item_Desc_10501	0	0	6	0	0	0	0	0	0	0	0	0	0	0	0	0	0		0	36005
10601	@Item_10601	19	0	0	0	0	30_10601_0	0	0	0	0	0	0	0	ItemIcon/I_10601.png	0	@Item_Desc_10601	0	0	6	0	0	0	0	0	0	0	0	0	0	0	0	0	0		0	36006
10701	@Item_10701	19	0	0	0	0	30_10701_0	0	0	0	0	0	0	0	ItemIcon/I_10701.png	0	@Item_Desc_10701	0	0	6	0	0	0	0	0	0	0	0	0	0	0	0	0	0		0	36007
10801	@Item_10801	19	0	0	0	0	30_10801_0	0	0	0	0	0	0	0	ItemIcon/I_10801.png	0	@Item_Desc_10801	0	0	6	0	0	0	0	0	0	0	0	0	0	0	0	0	0		0	36008
10901	@Item_10901	19	0	0	0	0	30_10901_0	0	0	0	0	0	0	0	ItemIcon/I_10901.png	0	@Item_Desc_10901	0	0	6	0	0	0	0	0	0	0	0	0	0	0	0	0	0		0	36009
11001	@Item_11001	19	0	0	0	0	30_11001_0	0	0	0	0	0	0	0	ItemIcon/I_11001.png	0	@Item_Desc_11001	0	0	6	0	0	0	0	0	0	0	0	0	0	0	0	0	0		0	36010
11101	@Item_11101	19	0	0	0	0	30_11101_0	0	0	0	0	0	0	0	ItemIcon/I_11101.png	0	@Item_Desc_11101	0	0	6	0	0	0	0	0	0	0	0	0	0	0	0	0	0		0	36011
11201	@Item_11201	19	0	0	0	0	30_11201_0	0	0	0	0	0	0	0	ItemIcon/I_11201.png	0	@Item_Desc_11201	0	0	6	0	0	0	0	0	0	0	0	0	0	0	0	0	0		0	36012
11301	@Item_11301	19	0	0	0	0	30_11301_0	0	0	0	0	0	0	0	ItemIcon/I_11301.png	0	@Item_Desc_11301	0	0	6	0	0	0	0	0	0	0	0	0	0	0	0	0	0		0	36013
11401	@Item_11401	19	0	0	0	0	30_11401_0	0	0	0	0	0	0	0	ItemIcon/I_11401.png	0	@Item_Desc_11401	0	0	6	0	0	0	0	0	0	0	0	0	0	0	0	0	0		0	36014
11501	@Item_11501	19	0	0	0	0	30_11501_0	0	0	0	0	0	0	0	ItemIcon/I_11501.png	0	@Item_Desc_11501	0	0	6	0	0	0	0	0	0	0	0	0	0	0	0	0	0		0	36015
11601	@Item_11601	19	0	0	0	0	30_11601_0	0	0	0	0	0	0	0	ItemIcon/I_11601.png	0	@Item_Desc_11601	0	0	6	0	0	0	0	0	0	0	0	0	0	0	0	0	0		0	36016
11701	@Item_11701	19	0	0	0	0	30_11701_0	0	0	0	0	0	0	0	ItemIcon/I_11701.png	0	@Item_Desc_11701	0	0	6	0	0	0	0	0	0	0	0	0	0	0	0	0	0		0	36017
11801	@Item_11801	19	0	0	0	0	30_11801_0	0	0	0	0	0	0	0	ItemIcon/I_11801.png	0	@Item_Desc_11801	0	0	6	0	0	0	0	0	0	0	0	0	0	0	0	0	0		0	36018
11901	@Item_11901	19	0	0	0	0	30_11901_0	0	0	0	0	0	0	0	ItemIcon/I_11901.png	0	@Item_Desc_11901	0	0	6	0	0	0	0	0	0	0	0	0	0	0	0	0	0		0	36019
12001	@Item_12001	19	0	0	0	0	30_12001_0	0	0	0	0	0	0	0	ItemIcon/I_12001.png	0	@Item_Desc_12001	0	0	6	0	0	0	0	0	0	0	0	0	0	0	0	0	0		0	36020
12101	@Item_12101	19	0	0	0	0	30_12101_0	0	0	0	0	0	0	0	ItemIcon/I_12101.png	0	@Item_Desc_12101	0	0	6	0	0	0	0	0	0	0	0	0	0	0	0	0	0		0	36021
12201	@Item_12201	19	0	0	0	0	30_12201_0	0	0	0	0	0	0	0	ItemIcon/I_12201.png	0	@Item_Desc_12201	0	0	6	0	0	0	0	0	0	0	0	0	0	0	0	0	0		0	36022
12301	@Item_12301	19	0	0	0	0	30_12301_0	0	0	0	0	0	0	0	ItemIcon/I_12301.png	0	@Item_Desc_12301	0	0	6	0	0	0	0	0	0	0	0	0	0	0	0	0	0		0	36023
12401	@Item_12401	19	0	0	0	0	30_12401_0	0	0	0	0	0	0	0	ItemIcon/I_12401.png	0	@Item_Desc_12401	0	0	6	0	0	0	0	0	0	0	0	0	0	0	0	0	0		0	36024
20101	@Item_20101	19	0	0	0	0	30_20101_0	0	0	0	0	0	0	0	ItemIcon/I_20101.png	0	@Item_Desc_20101	0	0	5	0	0	0	0	0	0	0	0	0	0	0	0	0	0		0	36025
20201	@Item_20201	19	0	0	0	0	30_20201_0	0	0	0	0	0	0	0	ItemIcon/I_20201.png	0	@Item_Desc_20201	0	0	5	0	0	0	0	0	0	0	0	0	0	0	0	0	0		0	36026
20301	@Item_20301	19	0	0	0	0	30_20301_0	0	0	0	0	0	0	0	ItemIcon/I_20301.png	0	@Item_Desc_20301	0	0	5	0	0	0	0	0	0	0	0	0	0	0	0	0	0		0	36027
20401	@Item_20401	19	0	0	0	0	30_20401_0	0	0	0	0	0	0	0	ItemIcon/I_20401.png	0	@Item_Desc_20401	0	0	5	0	0	0	0	0	0	0	0	0	0	0	0	0	0		0	36028
20501	@Item_20501	19	0	0	0	0	30_20501_0	0	0	0	0	0	0	0	ItemIcon/I_20501.png	0	@Item_Desc_20501	0	0	5	0	0	0	0	0	0	0	0	0	0	0	0	0	0		0	36029
20601	@Item_20601	19	0	0	0	0	30_20601_0	0	0	0	0	0	0	0	ItemIcon/I_20601.png	0	@Item_Desc_20601	0	0	5	0	0	0	0	0	0	0	0	0	0	0	0	0	0		0	36030
20701	@Item_20701	19	0	0	0	0	30_20701_0	0	0	0	0	0	0	0	ItemIcon/I_20701.png	0	@Item_Desc_20701	0	0	5	0	0	0	0	0	0	0	0	0	0	0	0	0	0		0	36031
20801	@Item_20801	19	0	0	0	0	30_20801_0	0	0	0	0	0	0	0	ItemIcon/I_20801.png	0	@Item_Desc_20801	0	0	5	0	0	0	0	0	0	0	0	0	0	0	0	0	0		0	36032
20901	@Item_20901	19	0	0	0	0	30_20901_0	0	0	0	0	0	0	0	ItemIcon/I_20901.png	0	@Item_Desc_20901	0	0	5	0	0	0	0	0	0	0	0	0	0	0	0	0	0		0	36033
21001	@Item_21001	19	0	0	0	0	30_21001_0	0	0	0	0	0	0	0	ItemIcon/I_21001.png	0	@Item_Desc_21001	0	0	5	0	0	0	0	0	0	0	0	0	0	0	0	0	0		0	36034
21101	@Item_21101	19	0	0	0	0	30_21101_0	0	0	0	0	0	0	0	ItemIcon/I_21101.png	0	@Item_Desc_21101	0	0	5	0	0	0	0	0	0	0	0	0	0	0	0	0	0		0	36035
21201	@Item_21201	19	0	0	0	0	30_21201_0	0	0	0	0	0	0	0	ItemIcon/I_21201.png	0	@Item_Desc_21201	0	0	5	0	0	0	0	0	0	0	0	0	0	0	0	0	0		0	36036
21301	@Item_21301	19	0	0	0	0	30_21301_0	0	0	0	0	0	0	0	ItemIcon/I_21301.png	0	@Item_Desc_21301	0	0	5	0	0	0	0	0	0	0	0	0	0	0	0	0	0		0	36037
21401	@Item_21401	19	0	0	0	0	30_21401_0	0	0	0	0	0	0	0	ItemIcon/I_21401.png	0	@Item_Desc_21401	0	0	5	0	0	0	0	0	0	0	0	0	0	0	0	0	0		0	36038
21501	@Item_21501	19	0	0	0	0	30_21501_0	0	0	0	0	0	0	0	ItemIcon/I_21501.png	0	@Item_Desc_21501	0	0	5	0	0	0	0	0	0	0	0	0	0	0	0	0	0		0	36039
21601	@Item_21601	19	0	0	0	0	30_21601_0	0	0	0	0	0	0	0	ItemIcon/I_21601.png	0	@Item_Desc_21601	0	0	5	0	0	0	0	0	0	0	0	0	0	0	0	0	0		0	36040
21701	@Item_21701	19	0	0	0	0	30_21701_0	0	0	0	0	0	0	0	ItemIcon/I_21701.png	0	@Item_Desc_21701	0	0	5	0	0	0	0	0	0	0	0	0	0	0	0	0	0		0	36041
21801	@Item_21801	19	0	0	0	0	30_21801_0	0	0	0	0	0	0	0	ItemIcon/I_21801.png	0	@Item_Desc_21801	0	0	5	0	0	0	0	0	0	0	0	0	0	0	0	0	0		0	36042
21901	@Item_21901	19	0	0	0	0	30_21901_0	0	0	0	0	0	0	0	ItemIcon/I_21901.png	0	@Item_Desc_21901	0	0	5	0	0	0	0	0	0	0	0	0	0	0	0	0	0		0	36043
22001	@Item_22001	19	0	0	0	0	30_22001_0	0	0	0	0	0	0	0	ItemIcon/I_22001.png	0	@Item_Desc_22001	0	0	5	0	0	0	0	0	0	0	0	0	0	0	0	0	0		0	36044
22101	@Item_22101	19	0	0	0	0	30_22101_0	0	0	0	0	0	0	0	ItemIcon/I_22101.png	0	@Item_Desc_22101	0	0	5	0	0	0	0	0	0	0	0	0	0	0	0	0	0		0	36045
22201	@Item_22201	19	0	0	0	0	30_22201_0	0	0	0	0	0	0	0	ItemIcon/I_22201.png	0	@Item_Desc_22201	0	0	5	0	0	0	0	0	0	0	0	0	0	0	0	0	0		0	36046
22301	@Item_22301	19	0	0	0	0	30_22301_0	0	0	0	0	0	0	0	ItemIcon/I_22301.png	0	@Item_Desc_22301	0	0	5	0	0	0	0	0	0	0	0	0	0	0	0	0	0		0	36047
22401	@Item_22401	19	0	0	0	0	30_22401_0	0	0	0	0	0	0	0	ItemIcon/I_22401.png	0	@Item_Desc_22401	0	0	5	0	0	0	0	0	0	0	0	0	0	0	0	0	0		0	36048
30101	@Item_30101	19	0	0	0	0	30_30101_0	0	0	0	0	0	0	0	ItemIcon/I_30101.png	0	@Item_Desc_30101	0	0	4	0	0	0	0	0	0	0	0	0	0	0	0	0	0		0	36049
30201	@Item_30201	19	0	0	0	0	30_30201_0	0	0	0	0	0	0	0	ItemIcon/I_30201.png	0	@Item_Desc_30201	0	0	4	0	0	0	0	0	0	0	0	0	0	0	0	0	0		0	36050
30301	@Item_30301	19	0	0	0	0	30_30301_0	0	0	0	0	0	0	0	ItemIcon/I_30301.png	0	@Item_Desc_30301	0	0	4	0	0	0	0	0	0	0	0	0	0	0	0	0	0		0	36051
30401	@Item_30401	19	0	0	0	0	30_30401_0	0	0	0	0	0	0	0	ItemIcon/I_30401.png	0	@Item_Desc_30401	0	0	4	0	0	0	0	0	0	0	0	0	0	0	0	0	0		0	36052
30501	@Item_30501	19	0	0	0	0	30_30501_0	0	0	0	0	0	0	0	ItemIcon/I_30501.png	0	@Item_Desc_30501	0	0	4	0	0	0	0	0	0	0	0	0	0	0	0	0	0		0	36053
30601	@Item_30601	19	0	0	0	0	30_30601_0	0	0	0	0	0	0	0	ItemIcon/I_30601.png	0	@Item_Desc_30601	0	0	4	0	0	0	0	0	0	0	0	0	0	0	0	0	0		0	36054
30701	@Item_30701	19	0	0	0	0	30_30701_0	0	0	0	0	0	0	0	ItemIcon/I_30701.png	0	@Item_Desc_30701	0	0	4	0	0	0	0	0	0	0	0	0	0	0	0	0	0		0	36055
30801	@Item_30801	19	0	0	0	0	30_30801_0	0	0	0	0	0	0	0	ItemIcon/I_30801.png	0	@Item_Desc_30801	0	0	4	0	0	0	0	0	0	0	0	0	0	0	0	0	0		0	36056
30901	@Item_30901	19	0	0	0	0	30_30901_0	0	0	0	0	0	0	0	ItemIcon/I_30901.png	0	@Item_Desc_30901	0	0	4	0	0	0	0	0	0	0	0	0	0	0	0	0	0		0	36057
31001	@Item_31001	19	0	0	0	0	30_31001_0	0	0	0	0	0	0	0	ItemIcon/I_31001.png	0	@Item_Desc_31001	0	0	4	0	0	0	0	0	0	0	0	0	0	0	0	0	0		0	36058
31101	@Item_31101	19	0	0	0	0	30_31101_0	0	0	0	0	0	0	0	ItemIcon/I_31101.png	0	@Item_Desc_31101	0	0	4	0	0	0	0	0	0	0	0	0	0	0	0	0	0		0	36059
31201	@Item_31201	19	0	0	0	0	30_31201_0	0	0	0	0	0	0	0	ItemIcon/I_31201.png	0	@Item_Desc_31201	0	0	4	0	0	0	0	0	0	0	0	0	0	0	0	0	0		0	36060
31301	@Item_31301	19	0	0	0	0	30_31301_0	0	0	0	0	0	0	0	ItemIcon/I_31301.png	0	@Item_Desc_31301	0	0	4	0	0	0	0	0	0	0	0	0	0	0	0	0	0		0	36061
31401	@Item_31401	19	0	0	0	0	30_31401_0	0	0	0	0	0	0	0	ItemIcon/I_31401.png	0	@Item_Desc_31401	0	0	4	0	0	0	0	0	0	0	0	0	0	0	0	0	0		0	36062
31501	@Item_31501	19	0	0	0	0	30_31501_0	0	0	0	0	0	0	0	ItemIcon/I_31501.png	0	@Item_Desc_31501	0	0	4	0	0	0	0	0	0	0	0	0	0	0	0	0	0		0	36063
31601	@Item_31601	19	0	0	0	0	30_31601_0	0	0	0	0	0	0	0	ItemIcon/I_31601.png	0	@Item_Desc_31601	0	0	4	0	0	0	0	0	0	0	0	0	0	0	0	0	0		0	36064
31701	@Item_31701	19	0	0	0	0	30_31701_0	0	0	0	0	0	0	0	ItemIcon/I_31701.png	0	@Item_Desc_31701	0	0	4	0	0	0	0	0	0	0	0	0	0	0	0	0	0		0	36065
31801	@Item_31801	19	0	0	0	0	30_31801_0	0	0	0	0	0	0	0	ItemIcon/I_31801.png	0	@Item_Desc_31801	0	0	4	0	0	0	0	0	0	0	0	0	0	0	0	0	0		0	36066
31901	@Item_31901	19	0	0	0	0	30_31901_0	0	0	0	0	0	0	0	ItemIcon/I_31901.png	0	@Item_Desc_31901	0	0	4	0	0	0	0	0	0	0	0	0	0	0	0	0	0		0	36067
32001	@Item_32001	19	0	0	0	0	30_32001_0	0	0	0	0	0	0	0	ItemIcon/I_32001.png	0	@Item_Desc_32001	0	0	4	0	0	0	0	0	0	0	0	0	0	0	0	0	0		0	36068
32101	@Item_32101	19	0	0	0	0	30_32101_0	0	0	0	0	0	0	0	ItemIcon/I_32101.png	0	@Item_Desc_32101	0	0	4	0	0	0	0	0	0	0	0	0	0	0	0	0	0		0	36069
32201	@Item_32201	19	0	0	0	0	30_32201_0	0	0	0	0	0	0	0	ItemIcon/I_32201.png	0	@Item_Desc_32201	0	0	4	0	0	0	0	0	0	0	0	0	0	0	0	0	0		0	36070
32301	@Item_32301	19	0	0	0	0	30_32301_0	0	0	0	0	0	0	0	ItemIcon/I_32301.png	0	@Item_Desc_32301	0	0	4	0	0	0	0	0	0	0	0	0	0	0	0	0	0		0	36071
32401	@Item_32401	19	0	0	0	0	30_32401_0	0	0	0	0	0	0	0	ItemIcon/I_32401.png	0	@Item_Desc_32401	0	0	4	0	0	0	0	0	0	0	0	0	0	0	0	0	0		0	36072
20001	@Item_20001	6	0	0	0	0	0	0	0	0	0	0	0	0	Item/GloryHole_001.png	0	@Item_Desc_20001	0	0	5	0	0	0	0	0	0	0	0	0	0	0	0	0	0		0	36073
20002	@Item_20002	6	0	0	0	0	0	0	0	0	0	0	0	0	Item/GloryHole_002.png	0	@Item_Desc_20002	0	0	5	0	0	0	0	0	0	0	0	0	0	0	0	0	0		0	36074
20003	@Item_20003	6	0	0	0	0	0	0	0	0	0	0	0	0	Item/GloryHole_003.png	0	@Item_Desc_20003	0	0	5	0	0	0	0	0	0	0	0	0	0	0	0	0	0		0	36075
20004	@Item_20004	6	0	0	0	0	0	0	0	0	0	0	0	0	Item/GloryHole_004.png	0	@Item_Desc_20004	0	0	5	0	0	0	0	0	0	0	0	0	0	0	0	0	0		0	36076
90000	@Item_90000	99	0	0	0	0	0	0	0	0	0	0	0	0	Item/I_8000.png	0	@Item_Desc_90000	0	0	5	0	0	0	0	0	0	0	0	0	0	0	0	0	0		0	36077
32501	@Item_32501	19	0	0	0	0	30_32501_0	0	0	0	0	0	0	0	ItemIcon/I_32501.png	0	@Item_Desc_32501	0	0	4	0	0	0	0	0	0	0	0	0	0	0	0	0	0		0	36078
32601	@Item_32601	19	0	0	0	0	30_32601_0	0	0	0	0	0	0	0	ItemIcon/I_32601.png	0	@Item_Desc_32601	0	0	4	0	0	0	0	0	0	0	0	0	0	0	0	0	0		0	36079
22501	@Item_22501	19	0	0	0	0	30_22501_0	0	0	0	0	0	0	0	ItemIcon/I_22501.png	0	@Item_Desc_22501	0	0	5	0	0	0	0	0	0	0	0	0	0	0	0	0	0		0	36080
22601	@Item_22601	19	0	0	0	0	30_22601_0	0	0	0	0	0	0	0	ItemIcon/I_22601.png	0	@Item_Desc_22601	0	0	5	0	0	0	0	0	0	0	0	0	0	0	0	0	0		0	36081
12501	@Item_12501	19	0	0	0	0	30_12501_0	0	0	0	0	0	0	0	ItemIcon/I_12501.png	0	@Item_Desc_12501	0	0	6	0	0	0	0	0	0	0	0	0	0	0	0	0	0		0	36082
12601	@Item_12601	19	0	0	0	0	30_12601_0	0	0	0	0	0	0	0	ItemIcon/I_12601.png	0	@Item_Desc_12601	0	0	6	0	0	0	0	0	0	0	0	0	0	0	0	0	0		0	36083
22701	@Item_22701	19	0	0	0	0	30_22701_0	0	0	0	0	0	0	0	ItemIcon/I_22701.png	0	@Item_Desc_22701	0	0	5	0	0	0	0	0	0	0	0	0	0	0	0	0	0		0	36084
