id	type	month	days	awards
1	1	1	1	30000_7001_25000
2	1	1	2	10000_1001_500
3	1	1	3	30000_7001_25000
4	1	1	4	10000_1001_500
5	1	1	5	30000_7157_1
6	1	1	6	10000_1001_500
7	1	1	7	30000_7009_1
8	1	1	8	10000_1001_500
9	1	1	9	10000_1026_840
10	1	1	10	30000_7009_1
11	1	1	11	10000_1001_500
12	1	1	12	10000_1001_500
13	1	1	13	30000_7001_25000
14	1	1	14	10000_1001_500
15	1	1	15	30000_7126_1
16	1	1	16	30000_7157_1
17	1	1	17	10000_1001_500
18	1	1	18	30000_7009_1
19	1	1	19	10000_1001_500
20	1	1	20	10000_1001_500
21	1	1	21	10000_1001_500
22	1	1	22	30000_7001_25000
23	1	1	23	10000_1001_500
24	1	1	24	30000_7009_1
25	1	1	25	10000_1001_500
26	1	1	26	10000_1001_500
27	1	1	27	30000_7001_25000
28	1	1	28	10000_1001_500
29	1	1	29	10000_1026_840
30	1	1	30	10000_1001_500
31	1	1	31	10000_1001_500
32	1	2	1	30000_7001_25000
33	1	2	2	10000_1001_500
34	1	2	3	30000_7001_25000
35	1	2	4	10000_1001_500
36	1	2	5	30000_7157_1
37	1	2	6	10000_1001_500
38	1	2	7	30000_7009_1
39	1	2	8	10000_1001_500
40	1	2	9	10000_1026_840
41	1	2	10	30000_7009_1
42	1	2	11	10000_1001_500
43	1	2	12	10000_1001_500
44	1	2	13	30000_7001_25000
45	1	2	14	10000_1001_500
46	1	2	15	30000_7126_1
47	1	2	16	30000_7157_1
48	1	2	17	10000_1001_500
49	1	2	18	30000_7009_1
50	1	2	19	10000_1001_500
51	1	2	20	10000_1001_500
52	1	2	21	10000_1001_500
53	1	2	22	30000_7001_25000
54	1	2	23	10000_1001_500
55	1	2	24	30000_7009_1
56	1	2	25	10000_1001_500
57	1	2	26	10000_1001_500
58	1	2	27	30000_7001_25000
59	1	2	28	10000_1026_840
60	1	3	1	30000_7001_25000
61	1	3	2	10000_1001_500
62	1	3	3	30000_7001_25000
63	1	3	4	10000_1001_500
64	1	3	5	30000_7157_1
65	1	3	6	10000_1001_500
66	1	3	7	30000_7009_1
67	1	3	8	10000_1001_500
68	1	3	9	10000_1026_840
69	1	3	10	30000_7009_1
70	1	3	11	10000_1001_500
71	1	3	12	10000_1001_500
72	1	3	13	30000_7001_25000
73	1	3	14	10000_1001_500
74	1	3	15	30000_7126_1
75	1	3	16	30000_7157_1
76	1	3	17	10000_1001_500
77	1	3	18	30000_7009_1
78	1	3	19	10000_1001_500
79	1	3	20	10000_1001_500
80	1	3	21	10000_1001_500
81	1	3	22	30000_7001_25000
82	1	3	23	10000_1001_500
83	1	3	24	30000_7009_1
84	1	3	25	10000_1001_500
85	1	3	26	10000_1001_500
86	1	3	27	30000_7001_25000
87	1	3	28	10000_1001_500
88	1	3	29	10000_1026_840
89	1	3	30	10000_1001_500
90	1	3	31	10000_1001_500
91	1	4	1	30000_7001_25000
92	1	4	2	10000_1001_500
93	1	4	3	30000_7001_25000
94	1	4	4	10000_1001_500
95	1	4	5	30000_7157_1
96	1	4	6	10000_1001_500
97	1	4	7	30000_7009_1
98	1	4	8	10000_1001_500
99	1	4	9	10000_1026_840
100	1	4	10	30000_7009_1
101	1	4	11	10000_1001_500
102	1	4	12	10000_1001_500
103	1	4	13	30000_7001_25000
104	1	4	14	10000_1001_500
105	1	4	15	30000_7126_1
106	1	4	16	30000_7157_1
107	1	4	17	10000_1001_500
108	1	4	18	30000_7009_1
109	1	4	19	10000_1001_500
110	1	4	20	10000_1001_500
111	1	4	21	10000_1001_500
112	1	4	22	30000_7001_25000
113	1	4	23	10000_1001_500
114	1	4	24	30000_7009_1
115	1	4	25	10000_1001_500
116	1	4	26	10000_1001_500
117	1	4	27	30000_7001_25000
118	1	4	28	10000_1001_500
119	1	4	29	10000_1026_840
120	1	4	30	10000_1001_500
121	1	5	1	30000_7001_25000
122	1	5	2	10000_1001_500
123	1	5	3	30000_7001_25000
124	1	5	4	10000_1001_500
125	1	5	5	30000_7157_1
126	1	5	6	10000_1001_500
127	1	5	7	30000_7009_1
128	1	5	8	10000_1001_500
129	1	5	9	10000_1026_840
130	1	5	10	30000_7009_1
131	1	5	11	10000_1001_500
132	1	5	12	10000_1001_500
133	1	5	13	30000_7001_25000
134	1	5	14	10000_1001_500
135	1	5	15	30000_7126_1
136	1	5	16	30000_7157_1
137	1	5	17	10000_1001_500
138	1	5	18	30000_7009_1
139	1	5	19	10000_1001_500
140	1	5	20	10000_1001_500
141	1	5	21	10000_1001_500
142	1	5	22	30000_7001_25000
143	1	5	23	10000_1001_500
144	1	5	24	30000_7009_1
145	1	5	25	10000_1001_500
146	1	5	26	10000_1001_500
147	1	5	27	30000_7001_25000
148	1	5	28	10000_1001_500
149	1	5	29	10000_1026_840
150	1	5	30	10000_1001_500
151	1	5	31	10000_1001_500
152	1	6	1	30000_7001_25000
153	1	6	2	10000_1001_500
154	1	6	3	30000_7001_25000
155	1	6	4	10000_1001_500
156	1	6	5	30000_7157_1
157	1	6	6	10000_1001_500
158	1	6	7	30000_7009_1
159	1	6	8	10000_1001_500
160	1	6	9	10000_1026_840
161	1	6	10	30000_7009_1
162	1	6	11	10000_1001_500
163	1	6	12	10000_1001_500
164	1	6	13	30000_7001_25000
165	1	6	14	10000_1001_500
166	1	6	15	30000_7126_1
167	1	6	16	30000_7157_1
168	1	6	17	10000_1001_500
169	1	6	18	30000_7009_1
170	1	6	19	10000_1001_500
171	1	6	20	10000_1001_500
172	1	6	21	10000_1001_500
173	1	6	22	30000_7001_25000
174	1	6	23	10000_1001_500
175	1	6	24	30000_7009_1
176	1	6	25	10000_1001_500
177	1	6	26	10000_1001_500
178	1	6	27	30000_7001_25000
179	1	6	28	10000_1001_500
180	1	6	29	10000_1026_840
181	1	6	30	10000_1001_500
182	1	7	1	30000_7001_25000
183	1	7	2	10000_1001_500
184	1	7	3	30000_7001_25000
185	1	7	4	10000_1001_500
186	1	7	5	30000_7157_1
187	1	7	6	10000_1001_500
188	1	7	7	30000_7009_1
189	1	7	8	10000_1001_500
190	1	7	9	10000_1026_840
191	1	7	10	30000_7009_1
192	1	7	11	10000_1001_500
193	1	7	12	10000_1001_500
194	1	7	13	30000_7001_25000
195	1	7	14	10000_1001_500
196	1	7	15	30000_7126_1
197	1	7	16	30000_7157_1
198	1	7	17	10000_1001_500
199	1	7	18	30000_7009_1
200	1	7	19	10000_1001_500
201	1	7	20	10000_1001_500
202	1	7	21	10000_1001_500
203	1	7	22	30000_7001_25000
204	1	7	23	10000_1001_500
205	1	7	24	30000_7009_1
206	1	7	25	10000_1001_500
207	1	7	26	10000_1001_500
208	1	7	27	30000_7001_25000
209	1	7	28	10000_1001_500
210	1	7	29	10000_1026_840
211	1	7	30	10000_1001_500
212	1	7	31	10000_1001_500
213	1	8	1	30000_7001_25000
214	1	8	2	10000_1001_500
215	1	8	3	30000_7001_25000
216	1	8	4	10000_1001_500
217	1	8	5	30000_7157_1
218	1	8	6	10000_1001_500
219	1	8	7	30000_7009_1
220	1	8	8	10000_1001_500
221	1	8	9	10000_1026_840
222	1	8	10	30000_7009_1
223	1	8	11	10000_1001_500
224	1	8	12	10000_1001_500
225	1	8	13	30000_7001_25000
226	1	8	14	10000_1001_500
227	1	8	15	30000_7126_1
228	1	8	16	30000_7157_1
229	1	8	17	10000_1001_500
230	1	8	18	30000_7009_1
231	1	8	19	10000_1001_500
232	1	8	20	10000_1001_500
233	1	8	21	10000_1001_500
234	1	8	22	30000_7001_25000
235	1	8	23	10000_1001_500
236	1	8	24	30000_7009_1
237	1	8	25	10000_1001_500
238	1	8	26	10000_1001_500
239	1	8	27	30000_7001_25000
240	1	8	28	10000_1001_500
241	1	8	29	10000_1026_840
242	1	8	30	10000_1001_500
243	1	8	31	10000_1001_500
244	1	9	1	30000_7001_25000
245	1	9	2	10000_1001_500
246	1	9	3	30000_7001_25000
247	1	9	4	10000_1001_500
248	1	9	5	30000_7157_1
249	1	9	6	10000_1001_500
250	1	9	7	30000_7009_1
251	1	9	8	10000_1001_500
252	1	9	9	10000_1026_840
253	1	9	10	30000_7009_1
254	1	9	11	10000_1001_500
255	1	9	12	10000_1001_500
256	1	9	13	30000_7001_25000
257	1	9	14	10000_1001_500
258	1	9	15	30000_7126_1
259	1	9	16	30000_7157_1
260	1	9	17	10000_1001_500
261	1	9	18	30000_7009_1
262	1	9	19	10000_1001_500
263	1	9	20	10000_1001_500
264	1	9	21	10000_1001_500
265	1	9	22	30000_7001_25000
266	1	9	23	10000_1001_500
267	1	9	24	30000_7009_1
268	1	9	25	10000_1001_500
269	1	9	26	10000_1001_500
270	1	9	27	30000_7001_25000
271	1	9	28	10000_1001_500
272	1	9	29	10000_1026_840
273	1	9	30	10000_1001_500
274	1	10	1	30000_7001_25000
275	1	10	2	10000_1001_500
276	1	10	3	30000_7001_25000
277	1	10	4	10000_1001_500
278	1	10	5	30000_7157_1
279	1	10	6	10000_1001_500
280	1	10	7	30000_7009_1
281	1	10	8	10000_1001_500
282	1	10	9	10000_1026_840
283	1	10	10	30000_7009_1
284	1	10	11	10000_1001_500
285	1	10	12	10000_1001_500
286	1	10	13	30000_7001_25000
287	1	10	14	10000_1001_500
288	1	10	15	30000_7126_1
289	1	10	16	30000_7157_1
290	1	10	17	10000_1001_500
291	1	10	18	30000_7009_1
292	1	10	19	10000_1001_500
293	1	10	20	10000_1001_500
294	1	10	21	10000_1001_500
295	1	10	22	30000_7001_25000
296	1	10	23	10000_1001_500
297	1	10	24	30000_7009_1
298	1	10	25	10000_1001_500
299	1	10	26	10000_1001_500
300	1	10	27	30000_7001_25000
301	1	10	28	10000_1001_500
302	1	10	29	10000_1026_840
303	1	10	30	10000_1001_500
304	1	10	31	10000_1001_500
305	1	11	1	30000_7001_25000
306	1	11	2	10000_1001_500
307	1	11	3	30000_7001_25000
308	1	11	4	10000_1001_500
309	1	11	5	30000_7157_1
310	1	11	6	10000_1001_500
311	1	11	7	30000_7009_1
312	1	11	8	10000_1001_500
313	1	11	9	10000_1026_840
314	1	11	10	30000_7009_1
315	1	11	11	10000_1001_500
316	1	11	12	10000_1001_500
317	1	11	13	30000_7001_25000
318	1	11	14	10000_1001_500
319	1	11	15	30000_7126_1
320	1	11	16	30000_7157_1
321	1	11	17	10000_1001_500
322	1	11	18	30000_7009_1
323	1	11	19	10000_1001_500
324	1	11	20	10000_1001_500
325	1	11	21	10000_1001_500
326	1	11	22	30000_7001_25000
327	1	11	23	10000_1001_500
328	1	11	24	30000_7009_1
329	1	11	25	10000_1001_500
330	1	11	26	10000_1001_500
331	1	11	27	30000_7001_25000
332	1	11	28	10000_1001_500
333	1	11	29	10000_1026_840
334	1	11	30	10000_1001_500
335	1	12	1	30000_7001_25000
336	1	12	2	10000_1001_500
337	1	12	3	30000_7001_25000
338	1	12	4	10000_1001_500
339	1	12	5	30000_7157_1
340	1	12	6	10000_1001_500
341	1	12	7	30000_7009_1
342	1	12	8	10000_1001_500
343	1	12	9	10000_1026_840
344	1	12	10	30000_7009_1
345	1	12	11	10000_1001_500
346	1	12	12	10000_1001_500
347	1	12	13	30000_7001_25000
348	1	12	14	10000_1001_500
349	1	12	15	30000_7126_1
350	1	12	16	30000_7157_1
351	1	12	17	10000_1001_500
352	1	12	18	30000_7009_1
353	1	12	19	10000_1001_500
354	1	12	20	10000_1001_500
355	1	12	21	10000_1001_500
356	1	12	22	30000_7001_25000
357	1	12	23	10000_1001_500
358	1	12	24	30000_7009_1
359	1	12	25	10000_1001_500
360	1	12	26	10000_1001_500
361	1	12	27	30000_7001_25000
362	1	12	28	10000_1001_500
363	1	12	29	10000_1026_840
364	1	12	30	10000_1001_500
365	1	12	31	10000_1001_500
366	2	1	1	30000_6003_5
367	2	1	2	10000_1001_1000
368	2	1	3	30000_7012_2
369	2	1	4	10000_1001_1000
370	2	1	5	30000_7157_1
371	2	1	6	10000_1001_1000
372	2	1	7	30000_6003_5
373	2	1	8	10000_1001_1000
374	2	1	9	10000_1026_2100
375	2	1	10	30000_7026_2
376	2	1	11	10000_1001_1000
377	2	1	12	10000_1001_1000
378	2	1	13	30000_7012_2
379	2	1	14	10000_1001_1000
380	2	1	15	30000_7117_1
381	2	1	16	30000_7157_1
382	2	1	17	10000_1001_1000
383	2	1	18	30000_7012_2
384	2	1	19	10000_1001_1000
385	2	1	20	10000_1001_1000
386	2	1	21	10000_1001_1000
387	2	1	22	30000_7012_2
388	2	1	23	10000_1001_1000
389	2	1	24	30000_7026_2
390	2	1	25	10000_1001_1000
391	2	1	26	10000_1001_1000
392	2	1	27	30000_7012_2
393	2	1	28	10000_1001_1000
394	2	1	29	10000_1026_2100
395	2	1	30	10000_1001_1000
396	2	1	31	10000_1001_1000
397	2	2	1	30000_6003_5
398	2	2	2	10000_1001_1000
399	2	2	3	30000_7012_2
400	2	2	4	10000_1001_1000
401	2	2	5	30000_7157_1
402	2	2	6	10000_1001_1000
403	2	2	7	30000_6003_5
404	2	2	8	10000_1001_1000
405	2	2	9	10000_1026_2100
406	2	2	10	30000_7026_2
407	2	2	11	10000_1001_1000
408	2	2	12	10000_1001_1000
409	2	2	13	30000_7012_2
410	2	2	14	10000_1001_1000
411	2	2	15	30000_7117_1
412	2	2	16	30000_7157_1
413	2	2	17	10000_1001_1000
414	2	2	18	30000_7012_2
415	2	2	19	10000_1001_1000
416	2	2	20	10000_1001_1000
417	2	2	21	10000_1001_1000
418	2	2	22	30000_7012_2
419	2	2	23	10000_1001_1000
420	2	2	24	30000_7026_2
421	2	2	25	10000_1001_1000
422	2	2	26	10000_1001_1000
423	2	2	27	30000_7012_2
424	2	2	28	10000_1026_2100
425	2	3	1	30000_6003_5
426	2	3	2	10000_1001_1000
427	2	3	3	30000_7012_2
428	2	3	4	10000_1001_1000
429	2	3	5	30000_7157_1
430	2	3	6	10000_1001_1000
431	2	3	7	30000_6003_5
432	2	3	8	10000_1001_1000
433	2	3	9	10000_1026_2100
434	2	3	10	30000_7026_2
435	2	3	11	10000_1001_1000
436	2	3	12	10000_1001_1000
437	2	3	13	30000_7012_2
438	2	3	14	10000_1001_1000
439	2	3	15	30000_7117_1
440	2	3	16	30000_7157_1
441	2	3	17	10000_1001_1000
442	2	3	18	30000_7012_2
443	2	3	19	10000_1001_1000
444	2	3	20	10000_1001_1000
445	2	3	21	10000_1001_1000
446	2	3	22	30000_7012_2
447	2	3	23	10000_1001_1000
448	2	3	24	30000_7026_2
449	2	3	25	10000_1001_1000
450	2	3	26	10000_1001_1000
451	2	3	27	30000_7012_2
452	2	3	28	10000_1001_1000
453	2	3	29	10000_1026_2100
454	2	3	30	10000_1001_1000
455	2	3	31	10000_1001_1000
456	2	4	1	30000_6003_5
457	2	4	2	10000_1001_1000
458	2	4	3	30000_7012_2
459	2	4	4	10000_1001_1000
460	2	4	5	30000_7157_1
461	2	4	6	10000_1001_1000
462	2	4	7	30000_6003_5
463	2	4	8	10000_1001_1000
464	2	4	9	10000_1026_2100
465	2	4	10	30000_7026_2
466	2	4	11	10000_1001_1000
467	2	4	12	10000_1001_1000
468	2	4	13	30000_7012_2
469	2	4	14	10000_1001_1000
470	2	4	15	30000_7117_1
471	2	4	16	30000_7157_1
472	2	4	17	10000_1001_1000
473	2	4	18	30000_7012_2
474	2	4	19	10000_1001_1000
475	2	4	20	10000_1001_1000
476	2	4	21	10000_1001_1000
477	2	4	22	30000_7012_2
478	2	4	23	10000_1001_1000
479	2	4	24	30000_7026_2
480	2	4	25	10000_1001_1000
481	2	4	26	10000_1001_1000
482	2	4	27	30000_7012_2
483	2	4	28	10000_1001_1000
484	2	4	29	10000_1026_2100
485	2	4	30	10000_1001_1000
486	2	5	1	30000_6003_5
487	2	5	2	10000_1001_1000
488	2	5	3	30000_7012_2
489	2	5	4	10000_1001_1000
490	2	5	5	30000_7157_1
491	2	5	6	10000_1001_1000
492	2	5	7	30000_6003_5
493	2	5	8	10000_1001_1000
494	2	5	9	10000_1026_2100
495	2	5	10	30000_7026_2
496	2	5	11	10000_1001_1000
497	2	5	12	10000_1001_1000
498	2	5	13	30000_7012_2
499	2	5	14	10000_1001_1000
500	2	5	15	30000_7117_1
501	2	5	16	30000_7157_1
502	2	5	17	10000_1001_1000
503	2	5	18	30000_7012_2
504	2	5	19	10000_1001_1000
505	2	5	20	10000_1001_1000
506	2	5	21	10000_1001_1000
507	2	5	22	30000_7012_2
508	2	5	23	10000_1001_1000
509	2	5	24	30000_7026_2
510	2	5	25	10000_1001_1000
511	2	5	26	10000_1001_1000
512	2	5	27	30000_7012_2
513	2	5	28	10000_1001_1000
514	2	5	29	10000_1026_2100
515	2	5	30	10000_1001_1000
516	2	5	31	10000_1001_1000
517	2	6	1	30000_6003_5
518	2	6	2	10000_1001_1000
519	2	6	3	30000_7012_2
520	2	6	4	10000_1001_1000
521	2	6	5	30000_7157_1
522	2	6	6	10000_1001_1000
523	2	6	7	30000_6003_5
524	2	6	8	10000_1001_1000
525	2	6	9	10000_1026_2100
526	2	6	10	30000_7026_2
527	2	6	11	10000_1001_1000
528	2	6	12	10000_1001_1000
529	2	6	13	30000_7012_2
530	2	6	14	10000_1001_1000
531	2	6	15	30000_7117_1
532	2	6	16	30000_7157_1
533	2	6	17	10000_1001_1000
534	2	6	18	30000_7012_2
535	2	6	19	10000_1001_1000
536	2	6	20	10000_1001_1000
537	2	6	21	10000_1001_1000
538	2	6	22	30000_7012_2
539	2	6	23	10000_1001_1000
540	2	6	24	30000_7026_2
541	2	6	25	10000_1001_1000
542	2	6	26	10000_1001_1000
543	2	6	27	30000_7012_2
544	2	6	28	10000_1001_1000
545	2	6	29	10000_1026_2100
546	2	6	30	10000_1001_1000
547	2	7	1	30000_6003_5
548	2	7	2	10000_1001_1000
549	2	7	3	30000_7012_2
550	2	7	4	10000_1001_1000
551	2	7	5	30000_7157_1
552	2	7	6	10000_1001_1000
553	2	7	7	30000_6003_5
554	2	7	8	10000_1001_1000
555	2	7	9	10000_1026_2100
556	2	7	10	30000_7026_2
557	2	7	11	10000_1001_1000
558	2	7	12	10000_1001_1000
559	2	7	13	30000_7012_2
560	2	7	14	10000_1001_1000
561	2	7	15	30000_7117_1
562	2	7	16	30000_7157_1
563	2	7	17	10000_1001_1000
564	2	7	18	30000_7012_2
565	2	7	19	10000_1001_1000
566	2	7	20	10000_1001_1000
567	2	7	21	10000_1001_1000
568	2	7	22	30000_7012_2
569	2	7	23	10000_1001_1000
570	2	7	24	30000_7026_2
571	2	7	25	10000_1001_1000
572	2	7	26	10000_1001_1000
573	2	7	27	30000_7012_2
574	2	7	28	10000_1001_1000
575	2	7	29	10000_1026_2100
576	2	7	30	10000_1001_1000
577	2	7	31	10000_1001_1000
578	2	8	1	30000_6003_5
579	2	8	2	10000_1001_1000
580	2	8	3	30000_7012_2
581	2	8	4	10000_1001_1000
582	2	8	5	30000_7157_1
583	2	8	6	10000_1001_1000
584	2	8	7	30000_6003_5
585	2	8	8	10000_1001_1000
586	2	8	9	10000_1026_2100
587	2	8	10	30000_7026_2
588	2	8	11	10000_1001_1000
589	2	8	12	10000_1001_1000
590	2	8	13	30000_7012_2
591	2	8	14	10000_1001_1000
592	2	8	15	30000_7117_1
593	2	8	16	30000_7157_1
594	2	8	17	10000_1001_1000
595	2	8	18	30000_7012_2
596	2	8	19	10000_1001_1000
597	2	8	20	10000_1001_1000
598	2	8	21	10000_1001_1000
599	2	8	22	30000_7012_2
600	2	8	23	10000_1001_1000
601	2	8	24	30000_7026_2
602	2	8	25	10000_1001_1000
603	2	8	26	10000_1001_1000
604	2	8	27	30000_7012_2
605	2	8	28	10000_1001_1000
606	2	8	29	10000_1026_2100
607	2	8	30	10000_1001_1000
608	2	8	31	10000_1001_1000
609	2	9	1	30000_6003_5
610	2	9	2	10000_1001_1000
611	2	9	3	30000_7012_2
612	2	9	4	10000_1001_1000
613	2	9	5	30000_7157_1
614	2	9	6	10000_1001_1000
615	2	9	7	30000_6003_5
616	2	9	8	10000_1001_1000
617	2	9	9	10000_1026_2100
618	2	9	10	30000_7026_2
619	2	9	11	10000_1001_1000
620	2	9	12	10000_1001_1000
621	2	9	13	30000_7012_2
622	2	9	14	10000_1001_1000
623	2	9	15	30000_7117_1
624	2	9	16	30000_7157_1
625	2	9	17	10000_1001_1000
626	2	9	18	30000_7012_2
627	2	9	19	10000_1001_1000
628	2	9	20	10000_1001_1000
629	2	9	21	10000_1001_1000
630	2	9	22	30000_7012_2
631	2	9	23	10000_1001_1000
632	2	9	24	30000_7026_2
633	2	9	25	10000_1001_1000
634	2	9	26	10000_1001_1000
635	2	9	27	30000_7012_2
636	2	9	28	10000_1001_1000
637	2	9	29	10000_1026_2100
638	2	9	30	10000_1001_1000
639	2	10	1	30000_6003_5
640	2	10	2	10000_1001_1000
641	2	10	3	30000_7012_2
642	2	10	4	10000_1001_1000
643	2	10	5	30000_7157_1
644	2	10	6	10000_1001_1000
645	2	10	7	30000_6003_5
646	2	10	8	10000_1001_1000
647	2	10	9	10000_1026_2100
648	2	10	10	30000_7026_2
649	2	10	11	10000_1001_1000
650	2	10	12	10000_1001_1000
651	2	10	13	30000_7012_2
652	2	10	14	10000_1001_1000
653	2	10	15	30000_7117_1
654	2	10	16	30000_7157_1
655	2	10	17	10000_1001_1000
656	2	10	18	30000_7012_2
657	2	10	19	10000_1001_1000
658	2	10	20	10000_1001_1000
659	2	10	21	10000_1001_1000
660	2	10	22	30000_7012_2
661	2	10	23	10000_1001_1000
662	2	10	24	30000_7026_2
663	2	10	25	10000_1001_1000
664	2	10	26	10000_1001_1000
665	2	10	27	30000_7012_2
666	2	10	28	10000_1001_1000
667	2	10	29	10000_1026_2100
668	2	10	30	10000_1001_1000
669	2	10	31	10000_1001_1000
670	2	11	1	30000_6003_5
671	2	11	2	10000_1001_1000
672	2	11	3	30000_7012_2
673	2	11	4	10000_1001_1000
674	2	11	5	30000_7157_1
675	2	11	6	10000_1001_1000
676	2	11	7	30000_6003_5
677	2	11	8	10000_1001_1000
678	2	11	9	10000_1026_2100
679	2	11	10	30000_7026_2
680	2	11	11	10000_1001_1000
681	2	11	12	10000_1001_1000
682	2	11	13	30000_7012_2
683	2	11	14	10000_1001_1000
684	2	11	15	30000_7117_1
685	2	11	16	30000_7157_1
686	2	11	17	10000_1001_1000
687	2	11	18	30000_7012_2
688	2	11	19	10000_1001_1000
689	2	11	20	10000_1001_1000
690	2	11	21	10000_1001_1000
691	2	11	22	30000_7012_2
692	2	11	23	10000_1001_1000
693	2	11	24	30000_7026_2
694	2	11	25	10000_1001_1000
695	2	11	26	10000_1001_1000
696	2	11	27	30000_7012_2
697	2	11	28	10000_1001_1000
698	2	11	29	10000_1026_2100
699	2	11	30	10000_1001_1000
700	2	12	1	30000_6003_5
701	2	12	2	10000_1001_1000
702	2	12	3	30000_7012_2
703	2	12	4	10000_1001_1000
704	2	12	5	30000_7157_1
705	2	12	6	10000_1001_1000
706	2	12	7	30000_6003_5
707	2	12	8	10000_1001_1000
708	2	12	9	10000_1026_2100
709	2	12	10	30000_7026_2
710	2	12	11	10000_1001_1000
711	2	12	12	10000_1001_1000
712	2	12	13	30000_7012_2
713	2	12	14	10000_1001_1000
714	2	12	15	30000_7117_1
715	2	12	16	30000_7157_1
716	2	12	17	10000_1001_1000
717	2	12	18	30000_7012_2
718	2	12	19	10000_1001_1000
719	2	12	20	10000_1001_1000
720	2	12	21	10000_1001_1000
721	2	12	22	30000_7012_2
722	2	12	23	10000_1001_1000
723	2	12	24	30000_7026_2
724	2	12	25	10000_1001_1000
725	2	12	26	10000_1001_1000
726	2	12	27	30000_7012_2
727	2	12	28	10000_1001_1000
728	2	12	29	10000_1026_2100
729	2	12	30	10000_1001_1000
730	2	12	31	10000_1001_1000
